

GRAPH REDUCING : false
-----------------------INSTANCE 667FL_20A_6--------------------------
Gurobi 13.0.0 (linux64) logging started Wed Mar 25 19:06:07 2026

Set parameter LogFile to value "RESULTS/A_MTN_8/result_667FL_20A_6_MILP.txt"

Gurobi 13.0.0 (linux64) logging started Wed Mar 25 19:06:10 2026

Set parameter LogFile to value "RESULTS/A_MTN_8/result_667FL_20A_6_MILP.txt"
Gurobi Optimizer version 13.0.0 build v13.0.0rc1 (linux64 - "AlmaLinux 9.6 (Sage Margay)")

CPU model: Intel(R) Xeon(R) 6972P, instruction set [SSE2|AVX|AVX2|AVX512]
Thread count: 192 physical cores, 192 logical processors, using up to 8 threads

Non-default parameters:
TimeLimit  18000
Threads  8

Optimize a model with 97718 rows, 16171 columns and 374279 nonzeros (Min)
Model fingerprint: 0x877c44c0
Model has 426 linear objective coefficients
Variable types: 2528 continuous, 13643 integer (12791 binary)
Coefficient statistics:
  Matrix range     [1e+00, 6e+03]
  Objective range  [1e+00, 1e+00]
  Bounds range     [2e+01, 6e+03]
  RHS range        [1e+00, 6e+03]
Presolve removed 22915 rows and 2727 columns
Presolve time: 1.76s
Presolved: 74803 rows, 13444 columns, 397166 nonzeros
Variable types: 1602 continuous, 11842 integer (11840 binary)

Deterministic concurrent LP optimizer: primal and dual simplex (primal and dual model)
Showing primal log only...

Root relaxation presolved: 74801 rows, 13446 columns, 397164 nonzeros

Concurrent spin time: 0.00s

Solved with dual simplex

Root relaxation: objective 0.000000e+00, 3338 iterations, 0.56 seconds (0.54 work units)

    Nodes    |    Current Node    |     Objective Bounds      |     Work
 Expl Unexpl |  Obj  Depth IntInf | Incumbent    BestBd   Gap | It/Node Time

     0     0    0.00000    0  162          -    0.00000      -     -    5s
H    0     0                    2181385.0000    0.00000   100%     -    6s
     0     0    0.00000    0  299 2181385.00    0.00000   100%     -    7s
H    0     0                    2169385.0000    0.00000   100%     -    8s
H    0     0                    2133775.0000    0.00000   100%     -    8s
H    0     0                    1460.0000000    0.00000   100%     -    8s
     0     0    0.00000    0  284 1460.00000    0.00000   100%     -    8s
H    0     0                    1370.0000000    0.00000   100%     -   10s
     0     0    0.00000    0  334 1370.00000    0.00000   100%     -   10s
     0     0    0.00000    0  334 1370.00000    0.00000   100%     -   17s
H    0     0                    1230.0000000    0.00000   100%     -   22s
H    0     0                    1080.0000000    0.00000   100%     -   22s
H    0     0                    1010.0000000    0.00000   100%     -   22s
H    0     0                     995.0000000    0.00000   100%     -   22s
     0     0    0.00000    0  300  995.00000    0.00000   100%     -   22s
     0     0    0.00000    0  327  995.00000    0.00000   100%     -   23s
     0     0    0.00000    0  186  995.00000    0.00000   100%     -   36s
H    0     0                     980.0000000    0.00000   100%     -   43s
     0     0    0.00000    0  290  980.00000    0.00000   100%     -   43s
     0     0    0.00000    0  338  980.00000    0.00000   100%     -   46s
     0     0    0.00000    0  270  980.00000    0.00000   100%     -   47s
     0     0    0.00000    0  335  980.00000    0.00000   100%     -   49s
H    0     0                     950.0000000    0.00000   100%     -   50s
H    0     0                     695.0000000    0.00000   100%     -   50s
     0     0    0.00000    0  324  695.00000    0.00000   100%     -   50s
     0     0    0.00000    0  411  695.00000    0.00000   100%     -   53s
     0     0    0.00000    0  411  695.00000    0.00000   100%     -   53s
H    0     0                     520.0000000    0.00000   100%     -   62s
     0     2    0.00000    0  411  520.00000    0.00000   100%     -   63s
     7    16    0.00000    3  282  520.00000    0.00000   100%   564   66s
    23    32    0.00000    5  302  520.00000    0.00000   100%   996   71s
    31    40    0.00000    6  327  520.00000    0.00000   100%   788   75s
H   33    40                     380.0000000    0.00000   100%   745   75s
H   34    40                     245.0000000    0.00000   100%   735   75s
    39   227    0.00000    7  313  245.00000    0.00000   100%   655   81s
   226   635    0.00000   28  328  245.00000    0.00000   100%   224   91s
   634  1426    0.00000   89  395  245.00000    0.00000   100%   179  102s
  1425  1434    0.00000  175  450  245.00000    0.00000   100%   193  111s
H 1428  1434                     240.0000000    0.00000   100%   193  111s
  1433  2520    0.00000  176  446  240.00000    0.00000   100%   193  119s
  2521  2742    0.00000  310  496  240.00000    0.00000   100%   175  127s
H 2596  2742                     235.0000000    0.00000   100%   175  127s
H 2625  2742                     215.0000000    0.00000   100%   174  127s
H 2697  2742                     210.0000000    0.00000   100%   172  127s
  2743  3988    0.00000  361  499  210.00000    0.00000   100%   171  133s
  3999  4901    0.00000  470  478  210.00000    0.00000   100%   153  138s
  4920  5964    0.00000  589  461  210.00000    0.00000   100%   143  143s
  5986  6333    0.00000  732  442  210.00000    0.00000   100%   132  148s
H 6019  6333                     210.0000000    0.00000   100%   132  148s
  6372  6889    0.00000   18  265  210.00000    0.00000   100%   129  151s
  6961  7386    0.00000   32  289  210.00000    0.00000   100%   127  155s
  7469  7387    0.00000  341  411  210.00000    0.00000   100%   126  167s
  7471  7388    0.00000  186  176  210.00000    0.00000   100%   126  178s
  7472  7389    0.00000   28  314  210.00000    0.00000   100%   126  190s
H 7472  7019                     180.0000000    0.00000   100%   126  193s
H 7473  6669                     170.0000000    0.00000   100%   126  197s
  7474  6669    0.00000   29  346  170.00000    0.00000   100%   126  208s
  7475  6670    0.00000  655  325  170.00000    0.00000   100%   126  214s
  7476  6671    0.00000  167  391  170.00000    0.00000   100%   126  218s
H 7476  6337                     165.0000000    0.00000   100%   126  220s
  7478  6338    0.00000  342  363  165.00000    0.00000   100%   126  226s
  7480  6339    0.00000   29  387  165.00000    0.00000   100%   126  232s
H 7480  6022                     150.0000000    0.00000   100%   126  234s
  7482  6024    0.00000  342  346  150.00000    0.00000   100%   126  242s
  7483  6024    0.00000  511  337  150.00000    0.00000   100%   126  246s
  7485  6026    0.00000  289  356  150.00000    0.00000   100%   126  251s
  7486  6026    0.00000  488  396  150.00000    0.00000   100%   126  255s
  7488  6028    0.00000  419  367  150.00000    0.00000   100%   126  261s
  7490  6029    0.00000  407  416  150.00000    0.00000   100%   126  267s
  7491  6030    0.00000  271  416  150.00000    0.00000   100%   125  275s
  7492  6030    0.00000  576  416  150.00000    0.00000   100%   125  284s
  7493  6034    0.00000   11  303  150.00000    0.00000   100%   132  287s
  7507  6049    0.00000   14  275  150.00000    0.00000   100%   133  290s
  7542  6088    0.00000   17  289  150.00000    0.00000   100%   133  299s
H 7544  5785                     145.0000000    0.00000   100%   133  299s
  7565  5885    0.00000   19  290  145.00000    0.00000   100%   135  309s
  7672  6046    0.00000   25  291  145.00000    0.00000   100%   137  327s
  7869  6236    0.00000   38  179  145.00000    0.00000   100%   140  366s
H 8058  5886                     140.0000000    0.00000   100%   142  366s
  8124  6468    0.00000   59  193  140.00000    0.00000   100%   143  422s
H 8150  6187                     130.0000000    0.00000   100%   144  422s
H 8436  5833                     105.0000000    0.00000   100%   145  422s
H 8729  6828                     100.0000000    0.00000   100%   148  466s
 10096  6870   90.00000  236  212  100.00000    0.00000   100%   151  489s
H10507  6493                      95.0000000    0.00000   100%   150  489s
 10599  8190   90.00000  273  219   95.00000    0.00000   100%   151  511s
 12408  8845   40.00000  115  213   95.00000    0.00000   100%   148  525s
 13730  8885   40.00000  214  179   95.00000    0.00000   100%   147  536s
 14390  9642   40.00000  263  161   95.00000    0.00000   100%   146  547s
H15475  8706                      75.0000000    0.00000   100%   144  570s
 15557 10428   40.00000  341  182   75.00000    0.00000   100%   144  592s
 17557 10222   40.00000  427  176   75.00000    0.00000   100%   143  596s
 18056 10582   40.00000  442  186   75.00000    0.00000   100%   143  600s
 18616 10799   40.00000  459  178   75.00000    0.00000   100%   142  606s
 19070 10870   40.00000  487  152   75.00000    0.00000   100%   141  612s
 19325 11027   40.00000  510  139   75.00000    0.00000   100%   142  618s
 19624 11314 infeasible  521        75.00000    0.00000   100%   141  625s
 20044 11617   55.00000  136  221   75.00000    0.00000   100%   140  631s
 20532 12113   55.00000  239  258   75.00000    0.00000   100%   139  642s
 21126 12536   55.00000  341  277   75.00000    0.00000   100%   137  649s
 21607 12979    0.00000  339  178   75.00000    0.00000   100%   137  660s
 22086 13435   50.00000  102  253   75.00000    0.00000   100%   136  666s
 22572 13543   65.00000  207  270   75.00000    0.00000   100%   135  674s
 22704 13866   65.00000  230  263   75.00000    0.00000   100%   135  686s
 23033 14289   65.00000  303  287   75.00000    0.00000   100%   134  694s
 23580 14919   40.00000   54  194   75.00000    0.00000   100%   134  702s
 24262 15753   50.00000   67  193   75.00000    0.00000   100%   134  711s
 25212 16552   50.00000  202  216   75.00000    0.00000   100%   133  719s
 26149 16840    0.00000   53  172   75.00000    0.00000   100%   133  726s
 26567 16848   60.00000   69  178   75.00000    0.00000   100%   133  735s
H26573 14680                      65.0000000    0.00000   100%   133  735s
 26575 15652   60.00000   70  183   65.00000    0.00000   100%   133  743s
 27617 16569   60.00000  210  228   65.00000    0.00000   100%   132  752s
H28306 15679                      60.0000000    0.00000   100%   132  752s
 28638 15731     cutoff  326        60.00000    0.00000   100%   132  760s
 29161 16315   40.00000   82  241   60.00000    0.00000   100%   132  770s
H29928 17142                      60.0000000    0.00000   100%   134  974s
H30845  6199                      20.0000000    0.00000   100%   134  974s
 30899  5335     cutoff  119        20.00000    0.00000   100%   134  989s
 30966  5320 infeasible  333        20.00000    0.00000   100%   134 1006s
H30972  5320                      15.0000000    0.00000   100%   134 1006s
 30990  6637 infeasible  324        15.00000    0.00000   100%   134 1024s
 32873  7446    0.00000  492  200   15.00000    0.00000   100%   134 1036s
 33807  8117    0.00000  585  202   15.00000    0.00000   100%   134 1046s
 34758  8472    0.00000  691  214   15.00000    0.00000   100%   135 1056s
 35513  8682    0.00000  402  185   15.00000    0.00000   100%   136 1066s
 36178  8631    0.00000  539  216   15.00000    0.00000   100%   138 1076s
 36918  8456 infeasible  444        15.00000    0.00000   100%   141 1087s
 37423  8498 infeasible  405        15.00000    0.00000   100%   144 1098s
 38049  8452    0.00000  389  176   15.00000    0.00000   100%   147 1110s
 38771  8325 infeasible  449        15.00000    0.00000   100%   149 1122s
 39376  8303 infeasible  364        15.00000    0.00000   100%   152 1135s
 39414  8297 infeasible  447        15.00000    0.00000   100%   153 1148s
 39436  8287 infeasible  448        15.00000    0.00000   100%   153 1159s
 39462  8284 infeasible  364        15.00000    0.00000   100%   153 1175s
H39477  8284                      15.0000000    0.00000   100%   153 1175s
H39480  8045                      10.0000000    0.00000   100%   153 1175s
 39481  8458 infeasible  357        10.00000    0.00000   100%   153 1188s
 40482  8462    0.00000  259  171   10.00000    0.00000   100%   155 1199s
 40494  8636    0.00000  260  177   10.00000    0.00000   100%   155 1211s
 40801  9685    0.00000  324  187   10.00000    0.00000   100%   154 1225s
 42004 10771    0.00000  411  139   10.00000    0.00000   100%   154 1237s
 43324 11619 infeasible  490        10.00000    0.00000   100%   153 1248s
 44502 12463    0.00000  512  107   10.00000    0.00000   100%   153 1272s
 46315 12732    0.00000  554   88   10.00000    0.00000   100%   153 1280s
 47195 12898    0.00000  500  122   10.00000    0.00000   100%   153 1286s
 47958 12958    0.00000  542  101   10.00000    0.00000   100%   154 1295s
 49007 13018    0.00000  618   71   10.00000    0.00000   100%   154 1303s
 49767 13093 infeasible  567        10.00000    0.00000   100%   154 1311s
 50396 13095    0.00000  523  132   10.00000    0.00000   100%   156 1318s
 50410 13091 infeasible  520        10.00000    0.00000   100%   156 1328s
 50430 13092    0.00000  518  117   10.00000    0.00000   100%   156 1341s
 50445 12886 infeasible  519        10.00000    0.00000   100%   156 1351s
 50665 12852 infeasible  550        10.00000    0.00000   100%   155 1363s
H50749 12852                      10.0000000    0.00000   100%   155 1363s
 50763 12662     cutoff  540        10.00000    0.00000   100%   155 1388s
 51287 12339 infeasible  517        10.00000    0.00000   100%   155 1399s
 52220 12033 infeasible  465        10.00000    0.00000   100%   155 1409s
 53118 11654 infeasible  495        10.00000    0.00000   100%   155 1419s
 53541 11654 infeasible  512        10.00000    0.00000   100%   154 1420s
 54231 11258 infeasible  412        10.00000    0.00000   100%   154 1430s
 55403 11093 infeasible  406        10.00000    0.00000   100%   153 1440s
 55944 11421    0.00000  418  164   10.00000    0.00000   100%   153 1449s
 56862 11791    0.00000  390  141   10.00000    0.00000   100%   153 1457s
 57561 12336     cutoff  463        10.00000    0.00000   100%   154 1466s
 58522 12782    0.00000  451   89   10.00000    0.00000   100%   154 1475s
 59569 12736    0.00000  307  151   10.00000    0.00000   100%   153 1501s
 61271 12694     cutoff  372        10.00000    0.00000   100%   154 1510s
 62268 12418 infeasible  351        10.00000    0.00000   100%   153 1519s
 63021 12578 infeasible  353        10.00000    0.00000   100%   153 1526s
 63882 13111 infeasible  337        10.00000    0.00000   100%   153 1534s
 64959 12901     cutoff  436        10.00000    0.00000   100%   153 1543s
 65615 12899     cutoff  455        10.00000    0.00000   100%   152 1549s
 65633 12891 infeasible  428        10.00000    0.00000   100%   152 1556s
 65657 12795 infeasible  424        10.00000    0.00000   100%   152 1566s
 65941 12512 infeasible  422        10.00000    0.00000   100%   152 1578s
 66760 12226     cutoff  389        10.00000    0.00000   100%   151 1593s
 67579 12033 infeasible  393        10.00000    0.00000   100%   151 1603s
 68191 11846 infeasible  352        10.00000    0.00000   100%   151 1617s
 68881 12017    0.00000  410  157   10.00000    0.00000   100%   151 1627s
 69462 12452 infeasible  411        10.00000    0.00000   100%   151 1636s
 70513 12811    0.00000  342  172   10.00000    0.00000   100%   151 1646s
 71594 12594    0.00000  471  159   10.00000    0.00000   100%   150 1655s
 72758 12657 infeasible  415        10.00000    0.00000   100%   150 1665s
 73673 12898 infeasible  303        10.00000    0.00000   100%   150 1673s
 74170 13905    0.00000  289  148   10.00000    0.00000   100%   151 1696s
 75594 14401    0.00000  303  157   10.00000    0.00000   100%   151 1703s
 76414 14656    0.00000  412  150   10.00000    0.00000   100%   151 1712s
 77056 14980    0.00000  529  118   10.00000    0.00000   100%   152 1720s
 77902 14806 infeasible  593        10.00000    0.00000   100%   152 1730s
 78489 14340 infeasible  505        10.00000    0.00000   100%   153 1740s
 79835 14015    0.00000  468  134   10.00000    0.00000   100%   152 1750s
 80820 13707 infeasible  302        10.00000    0.00000   100%   152 1761s
 81730 13470 infeasible  427        10.00000    0.00000   100%   152 1771s
 82529 13469     cutoff  347        10.00000    0.00000   100%   152 1778s
 82546 13474    0.00000  275  154   10.00000    0.00000   100%   152 1788s
 82561 13469    0.00000  275  162   10.00000    0.00000   100%   152 1797s
 82680 13655 infeasible  276        10.00000    0.00000   100%   152 1805s
 83314 14101    0.00000  285  166   10.00000    0.00000   100%   152 1812s
 84231 14357    0.00000  389  144   10.00000    0.00000   100%   152 1821s
 85189 14461 infeasible  397        10.00000    0.00000   100%   152 1829s
 85929 14574     cutoff  367        10.00000    0.00000   100%   153 1837s
 86638 14743    0.00000  341  157   10.00000    0.00000   100%   153 1845s
 87491 14725    0.00000  378  136   10.00000    0.00000   100%   153 1853s
 87709 14683 infeasible  371        10.00000    0.00000   100%   153 1861s
 87877 14667 infeasible  346        10.00000    0.00000   100%   153 1870s
 88108 14635 infeasible  353        10.00000    0.00000   100%   153 1879s
 88310 14588 infeasible  366        10.00000    0.00000   100%   153 1892s
 88533 14526    0.00000  366  138   10.00000    0.00000   100%   153 1905s
 88751 14710 infeasible  381        10.00000    0.00000   100%   153 1921s
 89069 14692    0.00000  410  171   10.00000    0.00000   100%   153 1968s
 89379 14368 infeasible  383        10.00000    0.00000   100%   153 2033s
 91637 14411    0.00000  382  154   10.00000    0.00000   100%   153 2057s
H91638 14411                      10.0000000    0.00000   100%   153 2057s
 91714 15293    0.00000  383  157   10.00000    0.00000   100%   153 2083s
 94565 14950 infeasible  473        10.00000    0.00000   100%   152 2097s
H94968 14950                       9.9999998    0.00000   100%   152 2097s
 95667 14651    0.00000  434  133   10.00000    0.00000   100%   152 2112s
 96894 14585 infeasible  462        10.00000    0.00000   100%   152 2125s
 97753 14491 infeasible  364        10.00000    0.00000   100%   153 2138s
 98883 14862 infeasible  396        10.00000    0.00000   100%   154 2150s
 100060 14662    0.00000  436  123   10.00000    0.00000   100%   154 2161s
 100716 14662 infeasible  424        10.00000    0.00000   100%   155 2171s
 100732 14660 infeasible  415        10.00000    0.00000   100%   155 2183s
 100750 14655    0.00000  420  123   10.00000    0.00000   100%   155 2194s
H100760 13946                       5.0000000    0.00000   100%   155 2194s
 100771 13801 infeasible  421         5.00000    0.00000   100%   155 2207s
 101163 13747 infeasible  418         5.00000    0.00000   100%   155 2219s
 101325 13571 infeasible  427         5.00000    0.00000   100%   155 2230s
 101842 13340 infeasible  437         5.00000    0.00000   100%   155 2243s
 102645 13412    0.00000  298  182    5.00000    0.00000   100%   155 2254s
 103291 13399    0.00000  501  162    5.00000    0.00000   100%   156 2267s
 104496 13325 infeasible  343         5.00000    0.00000   100%   156 2292s
 105794 13345    0.00000  311  174    5.00000    0.00000   100%   156 2301s
 106319 13297    0.00000  281  149    5.00000    0.00000   100%   157 2312s
 107095 13359 infeasible  290         5.00000    0.00000   100%   158 2322s
 107611 13384 infeasible  287         5.00000    0.00000   100%   159 2333s
 108227 13424    0.00000  295  164    5.00000    0.00000   100%   160 2344s
 108835 13461 infeasible  285         5.00000    0.00000   100%   161 2357s
 109572 13581    0.00000  289  190    5.00000    0.00000   100%   162 2370s
 110200 13676    0.00000  294  183    5.00000    0.00000   100%   163 2383s
 110915 13699    0.00000  275  169    5.00000    0.00000   100%   164 2396s
 111768 13746    0.00000  279  167    5.00000    0.00000   100%   165 2410s
 112434 13764    0.00000  300  148    5.00000    0.00000   100%   166 2423s
 112618 13817    0.00000  301  150    5.00000    0.00000   100%   166 2437s
 113327 13854 infeasible  307         5.00000    0.00000   100%   167 2449s
 114326 13938    0.00000  294  168    5.00000    0.00000   100%   168 2463s
 115234 13956 infeasible  327         5.00000    0.00000   100%   168 2479s
 116400 14023    0.00000  326  150    5.00000    0.00000   100%   168 2493s
 117968 14054 infeasible  352         5.00000    0.00000   100%   168 2507s
 118949 14022 infeasible  352         5.00000    0.00000   100%   169 2531s
 120011 13993 infeasible  316         5.00000    0.00000   100%   169 2543s
 120679 14133 infeasible  344         5.00000    0.00000   100%   169 2554s
 121425 13969 infeasible  277         5.00000    0.00000   100%   170 2567s
 122438 13977 infeasible  316         5.00000    0.00000   100%   170 2578s
 122619 14006 infeasible  342         5.00000    0.00000   100%   170 2590s
 123050 14063    0.00000  283  161    5.00000    0.00000   100%   170 2604s
 123985 14095    0.00000  415  144    5.00000    0.00000   100%   171 2616s
 124900 14099    0.00000  420  141    5.00000    0.00000   100%   171 2628s
 124912 14133    0.00000  421  141    5.00000    0.00000   100%   171 2646s
 125014 14066 infeasible  429         5.00000    0.00000   100%   172 2662s
 125582 14120 infeasible  322         5.00000    0.00000   100%   172 2677s
 126551 14151 infeasible  389         5.00000    0.00000   100%   172 2690s
 127567 14231 infeasible  304         5.00000    0.00000   100%   173 2702s
 128195 14224 infeasible  303         5.00000    0.00000   100%   173 2716s
 129048 14434    0.00000  287  154    5.00000    0.00000   100%   173 2729s
 129948 14540    0.00000  289  165    5.00000    0.00000   100%   174 2741s
 130615 14578    0.00000  321  169    5.00000    0.00000   100%   175 2753s
H130821 14578                       5.0000000    0.00000   100%   175 2753s
 130999 14617 infeasible  312         5.00000    0.00000   100%   176 2766s
 131612 14743    0.00000  288  163    5.00000    0.00000   100%   177 2780s
 132471 14736 infeasible  441         5.00000    0.00000   100%   178 2793s
 132510 14663 infeasible  431         5.00000    0.00000   100%   178 2811s
 132711 14557 infeasible  429         5.00000    0.00000   100%   177 2840s
 133115 14623    0.00000  329  165    5.00000    0.00000   100%   177 2863s
 133803 14489 infeasible  350         5.00000    0.00000   100%   178 2889s
 134790 14594    0.00000  292  177    5.00000    0.00000   100%   178 2901s
 135699 14629 infeasible  284         5.00000    0.00000   100%   179 2912s
 136418 14704 infeasible  281         5.00000    0.00000   100%   179 2923s
 137062 14745    0.00000  447  162    5.00000    0.00000   100%   180 2935s
 137783 14803 infeasible  283         5.00000    0.00000   100%   181 2948s
 138553 14831    0.00000  326  166    5.00000    0.00000   100%   182 2960s
 139291 14860    0.00000  294  163    5.00000    0.00000   100%   182 2973s
 140101 14901    0.00000  296  166    5.00000    0.00000   100%   183 2984s
 140722 14645 infeasible  349         5.00000    0.00000   100%   184 2998s
 141713 14690 infeasible  294         5.00000    0.00000   100%   184 3009s
 142419 14710    0.00000  285  171    5.00000    0.00000   100%   185 3021s
 143103 14740 infeasible  304         5.00000    0.00000   100%   186 3035s
 143961 14783    0.00000  298  160    5.00000    0.00000   100%   186 3048s
 144671 14733 infeasible  313         5.00000    0.00000   100%   187 3062s
 145719 14775 infeasible  328         5.00000    0.00000   100%   187 3077s
 146789 14807 infeasible  296         5.00000    0.00000   100%   188 3089s
 147671 14811 infeasible  291         5.00000    0.00000   100%   188 3101s
 148453 14856    0.00000  348  181    5.00000    0.00000   100%   189 3123s
 149276 14848 infeasible  358         5.00000    0.00000   100%   189 3137s
 149300 14821 infeasible  399         5.00000    0.00000   100%   189 3157s
 149377 14818 infeasible  403         5.00000    0.00000   100%   189 3180s
 149396 14800    0.00000  278  168    5.00000    0.00000   100%   189 3212s
 149606 14760    0.00000  279  183    5.00000    0.00000   100%   189 3238s
 150554 14843    0.00000  283  177    5.00000    0.00000   100%   189 3262s
 151739 14899 infeasible  287         5.00000    0.00000   100%   191 3283s
 152707 15039    0.00000  326  180    5.00000    0.00000   100%   192 3303s
 153777 15159 infeasible  296         5.00000    0.00000   100%   193 3323s
 155087 15362    0.00000  291  164    5.00000    0.00000   100%   194 3340s
 156034 15570 infeasible  296         5.00000    0.00000   100%   195 3357s
 157122 15483 infeasible  371         5.00000    0.00000   100%   196 3374s
 158038 15500 infeasible  299         5.00000    0.00000   100%   197 3390s
 158777 15324    0.00000  350  184    5.00000    0.00000   100%   198 3407s
 159632 15429    0.00000  280  172    5.00000    0.00000   100%   198 3424s
 160839 15486    0.00000  334  168    5.00000    0.00000   100%   198 3442s
 162024 15482 infeasible  290         5.00000    0.00000   100%   199 3464s
 162050 15475 infeasible  289         5.00000    0.00000   100%   199 3484s
 162209 15442 infeasible  291         5.00000    0.00000   100%   199 3500s
 163085 15463 infeasible  300         5.00000    0.00000   100%   199 3523s
 163775 15501    0.00000  282  156    5.00000    0.00000   100%   200 3539s
 164702 15307 infeasible  306         5.00000    0.00000   100%   201 3558s
 165785 15317    0.00000  310  181    5.00000    0.00000   100%   201 3573s
 166579 15309    0.00000  310  176    5.00000    0.00000   100%   201 3587s
 167264 15304 infeasible  361         5.00000    0.00000   100%   202 3602s
 167881 15319    0.00000  292  184    5.00000    0.00000   100%   203 3618s
 168755 15334 infeasible  355         5.00000    0.00000   100%   204 3633s
 169480 15345    0.00000  395  160    5.00000    0.00000   100%   205 3649s
 170339 15327 infeasible  287         5.00000    0.00000   100%   205 3665s
 170373 15223 infeasible  339         5.00000    0.00000   100%   205 3682s
 170793 15039    0.00000  284  172    5.00000    0.00000   100%   205 3700s
 172007 15019    0.00000  307  173    5.00000    0.00000   100%   205 3716s
 172849 15037 infeasible  361         5.00000    0.00000   100%   206 3731s
 173553 15058 infeasible  296         5.00000    0.00000   100%   207 3746s
 174482 14860 infeasible  294         5.00000    0.00000   100%   208 3762s
 175397 14935    0.00000  294  156    5.00000    0.00000   100%   208 3777s
 176290 14963    0.00000  329  169    5.00000    0.00000   100%   209 3792s
 177050 14975    0.00000  331  165    5.00000    0.00000   100%   209 3809s
 177900 15094    0.00000  274  177    5.00000    0.00000   100%   210 3824s
 178644 15185 infeasible  287         5.00000    0.00000   100%   211 3847s
 179270 15233    0.00000  287  163    5.00000    0.00000   100%   212 3866s
 179900 15192 infeasible  296         5.00000    0.00000   100%   213 3885s
 180099 14923 infeasible  277         5.00000    0.00000   100%   213 3913s
 181731 14960    0.00000  295  188    5.00000    0.00000   100%   213 3930s
 182932 15004    0.00000  299  183    5.00000    0.00000   100%   213 3946s
 183938 14999 infeasible  294         5.00000    0.00000   100%   214 3960s
 184609 15038    0.00000  280  163    5.00000    0.00000   100%   214 3975s
 185466 15055    0.00000  419  172    5.00000    0.00000   100%   215 3992s
 186393 15055    0.00000  289  157    5.00000    0.00000   100%   216 4008s
 186409 15055 infeasible  290         5.00000    0.00000   100%   216 4035s
 186425 15050 infeasible  416         5.00000    0.00000   100%   216 4063s
 186504 14927 infeasible  404         5.00000    0.00000   100%   216 4080s
 187068 14932    0.00000  286  171    5.00000    0.00000   100%   216 4095s
 187147 14907 infeasible  288         5.00000    0.00000   100%   216 4110s
 187589 14697 infeasible  286         5.00000    0.00000   100%   216 4128s
 188624 14758 infeasible  283         5.00000    0.00000   100%   216 4145s
 189606 14779    0.00000  282  175    5.00000    0.00000   100%   217 4160s
 190437 14787 infeasible  290         5.00000    0.00000   100%   217 4174s
 191213 14757    0.00000  288  169    5.00000    0.00000   100%   218 4189s
 191945 14796 infeasible  288         5.00000    0.00000   100%   219 4205s
 192820 14830    0.00000  290  192    5.00000    0.00000   100%   220 4221s
 193763 14848    0.00000  301  173    5.00000    0.00000   100%   220 4245s
 194853 14735 infeasible  281         5.00000    0.00000   100%   221 4257s
 195082 14737 infeasible  425         5.00000    0.00000   100%   221 4270s
 195582 14553 infeasible  310         5.00000    0.00000   100%   221 4285s
 196666 14518 infeasible  292         5.00000    0.00000   100%   221 4298s
 197361 14685 infeasible  290         5.00000    0.00000   100%   222 4312s
 198169 14672 infeasible  303         5.00000    0.00000   100%   222 4327s
 198835 14708    0.00000  289  153    5.00000    0.00000   100%   222 4342s
 199519 14721 infeasible  286         5.00000    0.00000   100%   223 4357s
 199604 14601 infeasible  277         5.00000    0.00000   100%   223 4373s
 200447 14444 infeasible  298         5.00000    0.00000   100%   224 4389s
 201471 14493    0.00000  274  175    5.00000    0.00000   100%   223 4403s
 202170 14479    0.00000  306  177    5.00000    0.00000   100%   224 4417s
 202714 14488 infeasible  314         5.00000    0.00000   100%   225 4431s
 203265 14466    0.00000  354  164    5.00000    0.00000   100%   226 4445s
 203872 14294 infeasible  337         5.00000    0.00000   100%   227 4460s
 205096 14471    0.00000  293  167    5.00000    0.00000   100%   227 4475s
 206389 14460    0.00000  283  180    5.00000    0.00000   100%   227 4489s
 206660 14468    0.00000  284  181    5.00000    0.00000   100%   227 4504s
 207323 14165 infeasible  299         5.00000    0.00000   100%   227 4522s
 208619 14228    0.00000  284  185    5.00000    0.00000   100%   227 4536s
 209468 14293    0.00000  390  170    5.00000    0.00000   100%   227 4551s
 210249 14330 infeasible  396         5.00000    0.00000   100%   228 4573s
 211057 14326    0.00000  308  180    5.00000    0.00000   100%   229 4587s
 211745 14349 infeasible  307         5.00000    0.00000   100%   229 4603s
 212908 14273 infeasible  310         5.00000    0.00000   100%   229 4618s
 213352 14017 infeasible  307         5.00000    0.00000   100%   229 4637s
 214443 14058 infeasible  319         5.00000    0.00000   100%   229 4652s
 215288 14097    0.00000  271  207    5.00000    0.00000   100%   229 4665s
 216004 14189 infeasible  291         5.00000    0.00000   100%   230 4678s
 216984 14264 infeasible  288         5.00000    0.00000   100%   230 4691s
 217667 14162 infeasible  287         5.00000    0.00000   100%   230 4706s
 218562 14170 infeasible  329         5.00000    0.00000   100%   230 4720s
 218763 14051 infeasible  281         5.00000    0.00000   100%   230 4735s
 219689 14107 infeasible  289         5.00000    0.00000   100%   230 4750s
 220639 14175    0.00000  302  186    5.00000    0.00000   100%   231 4763s
 221439 14295    0.00000  290  173    5.00000    0.00000   100%   231 4777s
 222433 14446    0.00000  282  175    5.00000    0.00000   100%   231 4791s
 223472 14771 infeasible  276         5.00000    0.00000   100%   231 4804s
 224851 14771    0.00000  304  177    5.00000    0.00000   100%   231 4827s
 224867 14483    0.00000  305  174    5.00000    0.00000   100%   231 4914s
 227695 14484 infeasible  298         5.00000    0.00000   100%   230 4944s
 227710 14473 infeasible  310         5.00000    0.00000   100%   230 4971s
 227769 14269 infeasible  309         5.00000    0.00000   100%   230 4998s
 228703 14252 infeasible  333         5.00000    0.00000   100%   230 5020s
 229671 14050 infeasible  273         5.00000    0.00000   100%   230 5043s
 231223 14142 infeasible  464         5.00000    0.00000   100%   230 5060s
 232125 14224 infeasible  281         5.00000    0.00000   100%   231 5078s
 232993 14232    0.00000  369  160    5.00000    0.00000   100%   231 5094s
 233835 13984 infeasible  374         5.00000    0.00000   100%   232 5114s
 235232 14130 infeasible  298         5.00000    0.00000   100%   231 5131s
 236244 14557    0.00000  331  188    5.00000    0.00000   100%   231 5147s
 237481 14368    0.00000  276  180    5.00000    0.00000   100%   231 5164s
 238576 14362    0.00000  329  180    5.00000    0.00000   100%   231 5178s
 239452 14422 infeasible  378         5.00000    0.00000   100%   232 5192s
 240270 14466    0.00000  323  169    5.00000    0.00000   100%   232 5217s
 241044 14125 infeasible  327         5.00000    0.00000   100%   232 5233s
 242204 14196    0.00000  282  171    5.00000    0.00000   100%   232 5246s
 242935 14241    0.00000  329  171    5.00000    0.00000   100%   232 5258s
 243606 14268    0.00000  322  163    5.00000    0.00000   100%   233 5270s
 243971 14147 infeasible  323         5.00000    0.00000   100%   233 5285s
 244616 14055 infeasible  324         5.00000    0.00000   100%   233 5305s
 245194 14082 infeasible  320         5.00000    0.00000   100%   233 5338s
 245735 13845 infeasible  308         5.00000    0.00000   100%   233 5356s
 246900 13904    0.00000  289  164    5.00000    0.00000   100%   232 5372s
 248003 13927 infeasible  289         5.00000    0.00000   100%   233 5386s
 248966 13916    0.00000  283  162    5.00000    0.00000   100%   233 5401s
 249781 13931    0.00000  307  182    5.00000    0.00000   100%   233 5416s
 250637 13955    0.00000  276  166    5.00000    0.00000   100%   234 5429s
 251537 13955    0.00000  282  173    5.00000    0.00000   100%   234 5442s
 252401 13780 infeasible  283         5.00000    0.00000   100%   234 5457s
 253320 13805    0.00000  286  194    5.00000    0.00000   100%   234 5473s
 254379 13883    0.00000  428  191    5.00000    0.00000   100%   234 5487s
 255541 13917 infeasible  306         5.00000    0.00000   100%   234 5510s
 256307 13989    0.00000  324  173    5.00000    0.00000   100%   235 5526s
 257155 13989 infeasible  329         5.00000    0.00000   100%   235 5541s
 257923 13996 infeasible  341         5.00000    0.00000   100%   236 5556s
 258546 13997 infeasible  339         5.00000    0.00000   100%   236 5574s
 258683 13947 infeasible  322         5.00000    0.00000   100%   236 5595s
 258909 13835    0.00000  286  173    5.00000    0.00000   100%   236 5621s
 259644 13865    0.00000  308  177    5.00000    0.00000   100%   236 5642s
 260848 13949 infeasible  289         5.00000    0.00000   100%   236 5662s
 262194 14038    0.00000  279  192    5.00000    0.00000   100%   236 5679s
 263149 14039 infeasible  310         5.00000    0.00000   100%   236 5695s
 264162 14056    0.00000  279  199    5.00000    0.00000   100%   236 5712s
 265215 13826 infeasible  362         5.00000    0.00000   100%   237 5729s
 266324 13873    0.00000  415  172    5.00000    0.00000   100%   237 5746s
 267245 13873 infeasible  435         5.00000    0.00000   100%   237 5762s
 268285 13892 infeasible  284         5.00000    0.00000   100%   237 5777s
 269232 13934    0.00000  416  174    5.00000    0.00000   100%   237 5791s
 270387 13843 infeasible  420         5.00000    0.00000   100%   237 5816s
 271497 13859    0.00000  380  183    5.00000    0.00000   100%   237 5827s
 272091 13881 infeasible  296         5.00000    0.00000   100%   237 5839s
 272671 13907 infeasible  306         5.00000    0.00000   100%   238 5852s
 273487 13983    0.00000  281  180    5.00000    0.00000   100%   238 5867s
 274549 13909    0.00000  293  172    5.00000    0.00000   100%   238 5886s
 274639 13907 infeasible  294         5.00000    0.00000   100%   238 5910s
 274669 13877 infeasible  361         5.00000    0.00000   100%   238 5940s
 274897 13873 infeasible  301         5.00000    0.00000   100%   238 5956s
 275335 13869 infeasible  311         5.00000    0.00000   100%   238 5971s
 275461 13896    0.00000  290  165    5.00000    0.00000   100%   238 5988s
 276302 13796 infeasible  280         5.00000    0.00000   100%   238 6009s
 277564 13913    0.00000  265  191    5.00000    0.00000   100%   238 6025s
 278377 14057    0.00000  287  171    5.00000    0.00000   100%   238 6040s
 279277 14188    0.00000  288  182    5.00000    0.00000   100%   238 6055s
 280230 13887 infeasible  287         5.00000    0.00000   100%   239 6070s
 281293 13922 infeasible  299         5.00000    0.00000   100%   238 6086s
 282240 14002 infeasible  279         5.00000    0.00000   100%   239 6101s
 283240 13996 infeasible  306         5.00000    0.00000   100%   239 6115s
 283984 14002 infeasible  362         5.00000    0.00000   100%   239 6129s
 283994 13874 infeasible  361         5.00000    0.00000   100%   239 6146s
 284494 13949    0.00000  292  180    5.00000    0.00000   100%   239 6159s
 285543 14007    0.00000  286  188    5.00000    0.00000   100%   239 6186s
 287099 14006    0.00000  285  179    5.00000    0.00000   100%   239 6194s
 287748 13842 infeasible  274         5.00000    0.00000   100%   239 6203s
 288252 13896 infeasible  315         5.00000    0.00000   100%   239 6213s
 288932 13928 infeasible  285         5.00000    0.00000   100%   239 6224s
 289498 13928    0.00000  302  188    5.00000    0.00000   100%   239 6235s
 290180 13730 infeasible  279         5.00000    0.00000   100%   239 6248s
 291104 13745    0.00000  289  175    5.00000    0.00000   100%   239 6260s
 291737 13750 infeasible  284         5.00000    0.00000   100%   239 6271s
 292416 13808 infeasible  275         5.00000    0.00000   100%   239 6283s
 293121 13575 infeasible  308         5.00000    0.00000   100%   240 6298s
 294103 13607    0.00000  305  192    5.00000    0.00000   100%   239 6312s
 294369 13623    0.00000  306  191    5.00000    0.00000   100%   239 6327s
 294723 13481 infeasible  280         5.00000    0.00000   100%   239 6342s
 295675 13544    0.00000  280  182    5.00000    0.00000   100%   239 6355s
 296440 13606    0.00000  299  183    5.00000    0.00000   100%   239 6366s
 297120 13557 infeasible  296         5.00000    0.00000   100%   239 6381s
 298130 13599 infeasible  274         5.00000    0.00000   100%   239 6393s
 298326 13550 infeasible  311         5.00000    0.00000   100%   239 6406s
 298739 13584    0.00000  274  184    5.00000    0.00000   100%   239 6419s
 299614 13635    0.00000  512  183    5.00000    0.00000   100%   239 6432s
 300429 13628 infeasible  280         5.00000    0.00000   100%   239 6458s
 300610 13699 infeasible  296         5.00000    0.00000   100%   239 6512s
 303474 13580 infeasible  314         5.00000    0.00000   100%   240 6530s
 304659 13644    0.00000  352  199    5.00000    0.00000   100%   240 6543s
 305551 13447 infeasible  422         5.00000    0.00000   100%   240 6560s
 306678 13574 infeasible  293         5.00000    0.00000   100%   240 6573s
 307615 13614 infeasible  286         5.00000    0.00000   100%   240 6585s
 308523 13625    0.00000  313  184    5.00000    0.00000   100%   240 6598s
 309718 13640 infeasible  283         5.00000    0.00000   100%   240 6610s
 310571 13643    0.00000  391  190    5.00000    0.00000   100%   240 6622s
 310700 13587 infeasible  390         5.00000    0.00000   100%   240 6639s
 310820 13573 infeasible  285         5.00000    0.00000   100%   240 6661s
 311032 13486 infeasible  300         5.00000    0.00000   100%   239 6679s
 311349 13480    0.00000  284  159    5.00000    0.00000   100%   239 6710s
 311371 13470 infeasible  285         5.00000    0.00000   100%   239 6742s
 311427 13432    0.00000  283  175    5.00000    0.00000   100%   239 6775s
 311701 13470 infeasible  323         5.00000    0.00000   100%   239 6804s
 312283 13556    0.00000  285  181    5.00000    0.00000   100%   239 6819s
 313741 13466 infeasible  288         5.00000    0.00000   100%   239 6835s
 314777 13644    0.00000  280  188    5.00000    0.00000   100%   239 6848s
 315825 13793 infeasible  339         5.00000    0.00000   100%   239 6875s
 317056 13828 infeasible  358         5.00000    0.00000   100%   239 6886s
 317771 13745 infeasible  439         5.00000    0.00000   100%   239 6899s
 318900 13771 infeasible  356         5.00000    0.00000   100%   238 6908s
 319542 13813 infeasible  342         5.00000    0.00000   100%   239 6919s
 320254 13707 infeasible  345         5.00000    0.00000   100%   239 6931s
 321176 13914 infeasible  289         5.00000    0.00000   100%   238 6941s
 322169 13923    0.00000  287  158    5.00000    0.00000   100%   238 6951s
 323179 13968 infeasible  290         5.00000    0.00000   100%   238 6961s
 324114 14073 infeasible  298         5.00000    0.00000   100%   238 6970s
 325120 14133 infeasible  279         5.00000    0.00000   100%   238 6979s
 326307 14060    0.00000  317  165    5.00000    0.00000   100%   237 6990s
 327448 14083 infeasible  331         5.00000    0.00000   100%   237 7000s
 328418 14116    0.00000  314  193    5.00000    0.00000   100%   237 7009s
 329413 14127 infeasible  295         5.00000    0.00000   100%   237 7019s
 330472 14111 infeasible  294         5.00000    0.00000   100%   236 7045s
 332240 14108 infeasible  334         5.00000    0.00000   100%   236 7052s
 332903 14118    0.00000  332  178    5.00000    0.00000   100%   236 7061s
 333697 14124    0.00000  291  162    5.00000    0.00000   100%   236 7069s
 334507 14136    0.00000  276  151    5.00000    0.00000   100%   236 7077s
 335247 14266    0.00000  278  160    5.00000    0.00000   100%   236 7086s
 336100 14197 infeasible  288         5.00000    0.00000   100%   235 7094s
 337029 14226    0.00000  281  160    5.00000    0.00000   100%   235 7103s
 337864 14248    0.00000  286  184    5.00000    0.00000   100%   235 7111s
 338381 14261 infeasible  287         5.00000    0.00000   100%   235 7120s
 338964 14222    0.00000  285  186    5.00000    0.00000   100%   235 7128s
 339742 14169    0.00000  287  175    5.00000    0.00000   100%   235 7137s
 340626 14131    0.00000  291  160    5.00000    0.00000   100%   235 7145s
 341475 14114 infeasible  311         5.00000    0.00000   100%   234 7153s
 342274 14119 infeasible  284         5.00000    0.00000   100%   234 7161s
 342421 14061 infeasible  286         5.00000    0.00000   100%   234 7170s
 342598 14087 infeasible  358         5.00000    0.00000   100%   234 7178s
 343123 14170 infeasible  289         5.00000    0.00000   100%   234 7187s
 344018 14302    0.00000  272  176    5.00000    0.00000   100%   234 7195s
 344996 14540    0.00000  278  161    5.00000    0.00000   100%   234 7220s
 346840 14562    0.00000  294  159    5.00000    0.00000   100%   233 7226s
 347692 14582 infeasible  285         5.00000    0.00000   100%   233 7234s
 348662 14623    0.00000  297  164    5.00000    0.00000   100%   233 7241s
 349565 14657 infeasible  305         5.00000    0.00000   100%   233 7247s
 350541 14716    0.00000  295  175    5.00000    0.00000   100%   232 7255s
 351446 14713 infeasible  300         5.00000    0.00000   100%   232 7261s
 352393 14723    0.00000  292  203    5.00000    0.00000   100%   232 7269s
 353327 14745    0.00000  279  195    5.00000    0.00000   100%   232 7274s
 354227 14786 infeasible  292         5.00000    0.00000   100%   231 7281s
 354992 14816 infeasible  298         5.00000    0.00000   100%   231 7287s
 355790 14800 infeasible  300         5.00000    0.00000   100%   231 7294s
 356498 14799 infeasible  302         5.00000    0.00000   100%   231 7301s
 356699 14808    0.00000  299  158    5.00000    0.00000   100%   231 7308s
 356926 14819    0.00000  300  161    5.00000    0.00000   100%   231 7316s
 357115 14831    0.00000  301  166    5.00000    0.00000   100%   231 7323s
 357483 14503 infeasible  302         5.00000    0.00000   100%   230 7333s
 358381 14260    0.00000  269  175    5.00000    0.00000   100%   230 7341s
 359151 14323 infeasible  284         5.00000    0.00000   100%   230 7348s
 359962 14395    0.00000  305  164    5.00000    0.00000   100%   230 7373s
 361918 14413 infeasible  292         5.00000    0.00000   100%   229 7380s
 362736 14409    0.00000  300  157    5.00000    0.00000   100%   229 7387s
 363500 14408 infeasible  310         5.00000    0.00000   100%   229 7394s
 364313 14420    0.00000  305  175    5.00000    0.00000   100%   229 7401s
 365107 14422 infeasible  302         5.00000    0.00000   100%   229 7409s
 365909 14417    0.00000  297  152    5.00000    0.00000   100%   229 7416s
 366710 14428 infeasible  309         5.00000    0.00000   100%   228 7423s
 367703 14491    0.00000  291  170    5.00000    0.00000   100%   228 7430s
 368576 14508 infeasible  297         5.00000    0.00000   100%   228 7437s
 369403 14520 infeasible  296         5.00000    0.00000   100%   228 7444s
 370155 14581    0.00000  291  191    5.00000    0.00000   100%   228 7451s
 370890 14589 infeasible  296         5.00000    0.00000   100%   228 7458s
 371736 14665    0.00000  297  169    5.00000    0.00000   100%   227 7465s
 372600 14651 infeasible  302         5.00000    0.00000   100%   227 7472s
 373402 14628    0.00000  303  157    5.00000    0.00000   100%   227 7479s
 374331 14651    0.00000  306  153    5.00000    0.00000   100%   227 7487s
 374998 14659 infeasible  309         5.00000    0.00000   100%   227 7510s
 375192 14390 infeasible  309         5.00000    0.00000   100%   227 7564s
 378056 14506    0.00000  309  173    5.00000    0.00000   100%   226 7581s
 379641 14557 infeasible  291         5.00000    0.00000   100%   226 7594s
 380958 14748    0.00000  287  168    5.00000    0.00000   100%   226 7605s
 382431 14898 infeasible  292         5.00000    0.00000   100%   225 7615s
 383578 15003    0.00000  296  146    5.00000    0.00000   100%   225 7625s
 384644 15080    0.00000  321  183    5.00000    0.00000   100%   225 7634s
 385717 15207 infeasible  314         5.00000    0.00000   100%   225 7644s
 386822 15250    0.00000  301  148    5.00000    0.00000   100%   225 7652s
 387867 15271    0.00000  323  159    5.00000    0.00000   100%   225 7661s
 388912 15243 infeasible  329         5.00000    0.00000   100%   224 7669s
 390050 15259 infeasible  336         5.00000    0.00000   100%   224 7677s
 391076 15349    0.00000  306  163    5.00000    0.00000   100%   224 7685s
 391982 15498    0.00000  360  146    5.00000    0.00000   100%   224 7708s
 394211 15482    0.00000  356  133    5.00000    0.00000   100%   223 7713s
 395073 15422    0.00000  355  156    5.00000    0.00000   100%   223 7719s
 395847 15359 infeasible  355         5.00000    0.00000   100%   223 7725s
 396506 15352    0.00000  344  146    5.00000    0.00000   100%   223 7731s
 396611 15353    0.00000  345  148    5.00000    0.00000   100%   223 7743s
 396626 15350    0.00000  346  152    5.00000    0.00000   100%   223 7759s
 396645 15354    0.00000  347  148    5.00000    0.00000   100%   223 7774s
 396657 15356    0.00000  348  150    5.00000    0.00000   100%   223 7789s
 396671 15326 infeasible  349         5.00000    0.00000   100%   223 7797s
 396717 15317 infeasible  339         5.00000    0.00000   100%   222 7812s
 396742 15302 infeasible  355         5.00000    0.00000   100%   222 7823s
 396783 15208 infeasible  348         5.00000    0.00000   100%   222 7832s
 397056 14989 infeasible  346         5.00000    0.00000   100%   222 7853s
 397701 14786    0.00000  280  172    5.00000    0.00000   100%   222 7863s
 398336 14699    0.00000  280  166    5.00000    0.00000   100%   222 7873s
 398787 14727    0.00000  291  158    5.00000    0.00000   100%   222 7904s
 399623 14547 infeasible  303         5.00000    0.00000   100%   222 7917s
 400355 14595 infeasible  292         5.00000    0.00000   100%   222 7927s
 401203 14631    0.00000  304  191    5.00000    0.00000   100%   221 7983s
 402135 14675 infeasible  295         5.00000    0.00000   100%   221 7994s
 403193 14619 infeasible  294         5.00000    0.00000   100%   221 8005s
 404023 14675    0.00000  304  174    5.00000    0.00000   100%   221 8016s
 404910 14693    0.00000  304  169    5.00000    0.00000   100%   221 8025s
 405954 14526 infeasible  305         5.00000    0.00000   100%   220 8037s
 406842 14533 infeasible  306         5.00000    0.00000   100%   220 8047s
 407711 14542 infeasible  302         5.00000    0.00000   100%   220 8057s
 408490 14524 infeasible  323         5.00000    0.00000   100%   220 8082s
 410110 14479 infeasible  272         5.00000    0.00000   100%   220 8093s
 410838 14510    0.00000  293  195    5.00000    0.00000   100%   219 8104s
 411659 14491 infeasible  300         5.00000    0.00000   100%   219 8113s
 412632 14488 infeasible  290         5.00000    0.00000   100%   219 8124s
 413543 14506 infeasible  281         5.00000    0.00000   100%   219 8132s
 414501 14534    0.00000  307  169    5.00000    0.00000   100%   219 8141s
 415443 14523    0.00000  316  158    5.00000    0.00000   100%   219 8150s
 416290 14422 infeasible  294         5.00000    0.00000   100%   218 8160s
 416975 14506    0.00000  277  191    5.00000    0.00000   100%   218 8189s
 417793 14570 infeasible  314         5.00000    0.00000   100%   218 8197s
 418593 14600    0.00000  300  173    5.00000    0.00000   100%   218 8251s
 419531 14598 infeasible  304         5.00000    0.00000   100%   218 8262s
 420325 14612    0.00000  284  172    5.00000    0.00000   100%   218 8271s
 421219 14630    0.00000  300  177    5.00000    0.00000   100%   218 8282s
 422173 14640 infeasible  318         5.00000    0.00000   100%   217 8291s
 423187 14663    0.00000  316  172    5.00000    0.00000   100%   217 8317s
 424894 14685 infeasible  287         5.00000    0.00000   100%   217 8324s
 425278 14482 infeasible  289         5.00000    0.00000   100%   217 8334s
 425933 14643    0.00000  282  185    5.00000    0.00000   100%   217 8343s
 426898 14648    0.00000  284  188    5.00000    0.00000   100%   217 8352s
 428013 14699 infeasible  285         5.00000    0.00000   100%   216 8360s
 428941 14719 infeasible  285         5.00000    0.00000   100%   216 8368s
 429775 14776    0.00000  293  171    5.00000    0.00000   100%   216 8376s
 430346 14785    0.00000  307  164    5.00000    0.00000   100%   216 8384s
 430799 14787 infeasible  308         5.00000    0.00000   100%   216 8393s
 431377 14638 infeasible  309         5.00000    0.00000   100%   216 8404s
 432086 14679 infeasible  299         5.00000    0.00000   100%   216 8412s
 433099 14710 infeasible  285         5.00000    0.00000   100%   216 8422s
 434086 14771 infeasible  298         5.00000    0.00000   100%   215 8429s
 435087 14853    0.00000  308  172    5.00000    0.00000   100%   215 8437s
 436077 14935 infeasible  311         5.00000    0.00000   100%   215 8445s
 437113 14949    0.00000  310  180    5.00000    0.00000   100%   215 8453s
 438211 14968    0.00000  315  171    5.00000    0.00000   100%   215 8476s
 440200 15014 infeasible  310         5.00000    0.00000   100%   214 8482s
 440944 14990 infeasible  310         5.00000    0.00000   100%   214 8488s
 441724 14980 infeasible  310         5.00000    0.00000   100%   214 8494s
 442548 15022 infeasible  305         5.00000    0.00000   100%   214 8500s
 443434 14998 infeasible  314         5.00000    0.00000   100%   214 8507s
 444334 15008    0.00000  309  181    5.00000    0.00000   100%   214 8512s
 445112 15012 infeasible  315         5.00000    0.00000   100%   214 8519s
 445350 15058    0.00000  305  168    5.00000    0.00000   100%   214 8525s
 445734 15052    0.00000  306  165    5.00000    0.00000   100%   214 8532s
 446200 15033    0.00000  314  157    5.00000    0.00000   100%   213 8539s
 447045 15039    0.00000  281  189    5.00000    0.00000   100%   213 8547s
 447813 14871 infeasible  316         5.00000    0.00000   100%   213 8554s
 448711 14869 infeasible  305         5.00000    0.00000   100%   213 8561s
 449573 14880    0.00000  288  174    5.00000    0.00000   100%   213 8568s
 450442 14874    0.00000  281  173    5.00000    0.00000   100%   213 8576s
 451342 14881 infeasible  288         5.00000    0.00000   100%   213 8583s
 452329 14888 infeasible  290         5.00000    0.00000   100%   213 8590s
 453130 14953    0.00000  304  179    5.00000    0.00000   100%   212 8615s
 454947 14951    0.00000  424  186    5.00000    0.00000   100%   212 8621s
 455261 14961    0.00000  425  190    5.00000    0.00000   100%   212 8629s
 455693 14940 infeasible  426         5.00000    0.00000   100%   212 8637s
 456374 14953 infeasible  301         5.00000    0.00000   100%   212 8647s
 457500 14954    0.00000  294  177    5.00000    0.00000   100%   212 8655s
 458519 14994 infeasible  312         5.00000    0.00000   100%   212 8664s
 459557 14971 infeasible  304         5.00000    0.00000   100%   211 8671s
 460484 14996    0.00000  359  197    5.00000    0.00000   100%   211 8679s
 461395 15018 infeasible  375         5.00000    0.00000   100%   211 8687s
 462361 15021    0.00000  374  180    5.00000    0.00000   100%   211 8694s
 463194 15022    0.00000  293  171    5.00000    0.00000   100%   211 8702s
 464047 15052 infeasible  356         5.00000    0.00000   100%   211 8709s
 464717 15059    0.00000  367  196    5.00000    0.00000   100%   211 8716s
H464725   542                       0.0000000    0.00000  0.00%   211 8716s

Cutting planes:
  Learned: 1
  Gomory: 6
  Cover: 14
  Implied bound: 96
  Projected implied bound: 39
  MIR: 154
  Mixing: 22
  Knapsack: 1
  Flow cover: 672
  GUB cover: 11
  Zero half: 11
  RLT: 68
  Relax-and-lift: 57
  BQP: 1

Explored 464726 nodes (97977531 simplex iterations) in 8716.69 seconds (18365.53 work units)
Thread count was 8 (of 192 available processors)

Solution count 10: 0 0 5 ... 15

Optimal solution found (tolerance 1.00e-04)
Best objective 0.000000000000e+00, best bound 0.000000000000e+00, gap 0.0000%

User-callback calls 1876196, time in user-callback 2.49 sec

Remaining value of each indicator
obj_rho = 0
obj_lambda = 1
obj_phi = 7
✅ Solution trouvée (status: OPTIMAL)
🎯 Objective global: 0.0
⏱️ Time used: 8716.69

✈️ Paths for each aircraft:
🛩️ Aircraft N121 path (33 nodes): s_(u=0.0, v=0.0, w=0.0) ➡️  N121_(u=5685.0, v=72.0, w=15.0) ➡️  MLX_ESB_26340_26415_(u=5760.0, v=73.0, w=15.0) ➡️  ESB_BAL_26485_26575_(u=5850.0, v=74.0, w=15.0) ➡️  BAL_ESB_26615_26710_(u=5945.0, v=75.0, w=15.0) ➡️  ESB_SAW_26970_27025_(u=6000.0, v=76.0, w=15.0) ➡️  SAW_ESB_27780_27840_(u=60.0, v=1.0, w=1.0) ➡️  ESB_VAN_28050_28145_(u=155.0, v=2.0, w=1.0) ➡️  VAN_ESB_28290_28395_(u=260.0, v=3.0, w=1.0) ➡️  ESB_ADA_28500_28560_(u=320.0, v=4.0, w=1.0) ➡️  ADA_ESB_29235_29300_(u=385.0, v=5.0, w=2.0) ➡️  ESB_AYT_29370_29440_(u=455.0, v=6.0, w=2.0) ➡️  AYT_ESB_29490_29555_(u=520.0, v=7.0, w=2.0) ➡️  ESB_DIY_29610_29690_(u=600.0, v=8.0, w=2.0) ➡️  DIY_ESB_29765_29850_(u=685.0, v=9.0, w=2.0) ➡️  ESB_SAW_29955_30015_(u=745.0, v=10.0, w=2.0) ➡️  SAW_ESB_31400_31460_(u=805.0, v=11.0, w=3.0) ➡️  ESB_SAW_31500_31560_(u=865.0, v=12.0, w=3.0) ➡️  SAW_ESB_32160_32220_(u=925.0, v=13.0, w=4.0) ➡️  ESB_SAW_32505_32565_(u=985.0, v=14.0, w=4.0) ➡️  SAW_ERZ_32700_32800_(u=1085.0, v=15.0, w=4.0) ➡️  ERZ_SAW_32835_32945_(u=1195.0, v=16.0, w=4.0) ➡️  SAW_ASR_33015_33085_(u=1265.0, v=17.0, w=4.0) ➡️  ASR_SAW_33540_33620_(u=1345.0, v=18.0, w=5.0) ➡️  SAW_TZX_33735_33835_(u=1445.0, v=19.0, w=5.0) ➡️  TZX_ESB_34090_34170_(u=1525.0, v=20.0, w=5.0) ➡️  ESB_DIY_34240_34320_(u=1605.0, v=21.0, w=5.0) ➡️  DIY_ESB_34360_34445_(u=1690.0, v=22.0, w=5.0) ➡️  ESB_ADB_34485_34565_(u=1770.0, v=23.0, w=5.0) ➡️  ADB_ESB_34980_35055_(u=1845.0, v=24.0, w=6.0) ➡️  ESB_ECN_35100_35170_(u=1915.0, v=25.0, w=6.0) ➡️  ECN_ESB_35210_35275_(u=1980.0, v=26.0, w=6.0) ➡️  ESB_SAW_35610_35670_(u=2040.0, v=27.0, w=6.0) ➡️  SAW_ADA_35730_35815_(u=2125.0, v=28.0, w=6.0) ➡️  ADA_SAW_35850_35940_(u=2215.0, v=29.0, w=6.0) ➡️  t_(u=0.0, v=0.0, w=0.0)

🛩️ Aircraft N122 path (38 nodes): s_(u=0.0, v=0.0, w=0.0) ➡️  N122_(u=5655.0, v=72.0, w=15.0) ➡️  ESB_ERZ_26480_26565_(u=5740.0, v=73.0, w=15.0) ➡️  ERZ_ESB_26600_26690_(u=5830.0, v=74.0, w=15.0) ➡️  ESB_ERZ_26745_26830_(u=5915.0, v=75.0, w=15.0) ➡️  ERZ_ESB_26865_26950_(u=6000.0, v=76.0, w=15.0) ➡️  ESB_SAW_27900_27960_(u=60.0, v=1.0, w=1.0) ➡️  SAW_ESB_28020_28080_(u=120.0, v=2.0, w=1.0) ➡️  ESB_ERC_28180_28260_(u=200.0, v=3.0, w=1.0) ➡️  ERC_ESB_28295_28375_(u=280.0, v=4.0, w=1.0) ➡️  ESB_VAN_29350_29445_(u=375.0, v=5.0, w=2.0) ➡️  VAN_ESB_29490_29595_(u=480.0, v=6.0, w=2.0) ➡️  ESB_AJI_29650_29745_(u=575.0, v=7.0, w=2.0) ➡️  AJI_ESB_29785_29890_(u=680.0, v=8.0, w=2.0) ➡️  ESB_DIY_30180_30260_(u=760.0, v=9.0, w=2.0) ➡️  DIY_ESB_30630_30715_(u=845.0, v=10.0, w=3.0) ➡️  ESB_VAN_30790_30885_(u=940.0, v=11.0, w=3.0) ➡️  VAN_ESB_30930_31035_(u=1045.0, v=12.0, w=3.0) ➡️  ESB_DIY_31360_31440_(u=1125.0, v=13.0, w=3.0) ➡️  DIY_ESB_31480_31565_(u=1210.0, v=14.0, w=3.0) ➡️  ESB_GZT_31615_31685_(u=1280.0, v=15.0, w=3.0) ➡️  GZT_ESB_32100_32170_(u=1350.0, v=16.0, w=4.0) ➡️  ESB_KSY_32230_32325_(u=1445.0, v=17.0, w=4.0) ➡️  KSY_ESB_32365_32470_(u=1550.0, v=18.0, w=4.0) ➡️  ESB_AJI_32530_32625_(u=1645.0, v=19.0, w=4.0) ➡️  AJI_ESB_32665_32770_(u=1750.0, v=20.0, w=4.0) ➡️  ESB_TZX_32810_32890_(u=1830.0, v=21.0, w=4.0) ➡️  TZX_ESB_32925_33005_(u=1910.0, v=22.0, w=4.0) ➡️  ESB_AYT_33045_33115_(u=1980.0, v=23.0, w=4.0) ➡️  AYT_ESB_33540_33605_(u=2045.0, v=24.0, w=5.0) ➡️  ESB_VAN_33670_33765_(u=2140.0, v=25.0, w=5.0) ➡️  VAN_ESB_33810_33915_(u=2245.0, v=26.0, w=5.0) ➡️  ESB_ERZ_34235_34320_(u=2330.0, v=27.0, w=5.0) ➡️  ERZ_ESB_34355_34445_(u=2420.0, v=28.0, w=5.0) ➡️  ESB_MSR_35110_35205_(u=2515.0, v=29.0, w=6.0) ➡️  MSR_ESB_35240_35340_(u=2615.0, v=30.0, w=6.0) ➡️  ESB_TZX_35400_35480_(u=2695.0, v=31.0, w=6.0) ➡️  TZX_SAW_35580_35690_(u=2805.0, v=32.0, w=6.0) ➡️  SAW_ERZ_35730_35830_(u=2905.0, v=33.0, w=6.0) ➡️  ERZ_SAW_35865_35975_(u=3015.0, v=34.0, w=6.0) ➡️  t_(u=0.0, v=0.0, w=0.0)

🛩️ Aircraft N123 path (33 nodes): s_(u=0.0, v=0.0, w=0.0) ➡️  N123_(u=5455.0, v=69.0, w=14.0) ➡️  SAW_ESB_26340_26400_(u=5515.0, v=70.0, w=14.0) ➡️  ESB_TZX_26475_26555_(u=5595.0, v=71.0, w=14.0) ➡️  TZX_ESB_26605_26685_(u=5675.0, v=72.0, w=14.0) ➡️  ESB_MQM_26750_26845_(u=5770.0, v=73.0, w=14.0) ➡️  MQM_ESB_26880_26975_(u=5865.0, v=74.0, w=14.0) ➡️  ESB_AYT_27285_27355_(u=5935.0, v=75.0, w=14.0) ➡️  AYT_ESB_27780_27845_(u=6000.0, v=76.0, w=15.0) ➡️  ESB_SAW_28515_28575_(u=60.0, v=1.0, w=1.0) ➡️  SAW_ESB_29220_29280_(u=120.0, v=2.0, w=2.0) ➡️  ESB_ADB_29360_29440_(u=200.0, v=3.0, w=2.0) ➡️  ADB_ESB_29505_29580_(u=275.0, v=4.0, w=2.0) ➡️  ESB_ERC_29620_29700_(u=355.0, v=5.0, w=2.0) ➡️  ERC_ESB_29735_29815_(u=435.0, v=6.0, w=2.0) ➡️  ESB_AYT_29940_30010_(u=505.0, v=7.0, w=2.0) ➡️  AYT_ESB_30045_30110_(u=570.0, v=8.0, w=2.0) ➡️  ESB_VAN_30930_31025_(u=665.0, v=9.0, w=3.0) ➡️  VAN_ESB_31170_31275_(u=770.0, v=10.0, w=3.0) ➡️  ESB_ADA_32220_32280_(u=830.0, v=11.0, w=4.0) ➡️  ADA_ECN_32805_32865_(u=890.0, v=12.0, w=4.0) ➡️  ECN_ESB_32915_32980_(u=955.0, v=13.0, w=4.0) ➡️  ESB_GZT_33055_33125_(u=1025.0, v=14.0, w=4.0) ➡️  GZT_ESB_33540_33610_(u=1095.0, v=15.0, w=5.0) ➡️  ESB_TZX_33675_33755_(u=1175.0, v=16.0, w=5.0) ➡️  TZX_ESB_33805_33885_(u=1255.0, v=17.0, w=5.0) ➡️  ESB_ADB_33945_34025_(u=1335.0, v=18.0, w=5.0) ➡️  ADB_ESB_34110_34185_(u=1410.0, v=19.0, w=5.0) ➡️  ESB_TZX_34250_34330_(u=1490.0, v=20.0, w=5.0) ➡️  TZX_ESB_34365_34445_(u=1570.0, v=21.0, w=5.0) ➡️  ESB_VAN_35100_35195_(u=1665.0, v=22.0, w=6.0) ➡️  VAN_ESB_35235_35340_(u=1770.0, v=23.0, w=6.0) ➡️  ESB_ERZ_35385_35470_(u=1855.0, v=24.0, w=6.0) ➡️  ERZ_ESB_35505_35590_(u=1940.0, v=25.0, w=6.0) ➡️  ESB_DIY_35955_36035_(u=2020.0, v=26.0, w=6.0) ➡️  t_(u=0.0, v=0.0, w=0.0)

🛩️ Aircraft N124 path (33 nodes): s_(u=0.0, v=0.0, w=0.0) ➡️  N124_(u=5330.0, v=68.0, w=14.0) ➡️  SZF_ESB_26340_26400_(u=5390.0, v=69.0, w=14.0) ➡️  ESB_MSR_26490_26580_(u=5480.0, v=70.0, w=14.0) ➡️  MSR_ESB_26615_26715_(u=5580.0, v=71.0, w=14.0) ➡️  ESB_AJI_26770_26865_(u=5675.0, v=72.0, w=14.0) ➡️  AJI_ESB_26905_27010_(u=5780.0, v=73.0, w=14.0) ➡️  ESB_TZX_27050_27130_(u=5860.0, v=74.0, w=14.0) ➡️  TZX_ESB_27165_27245_(u=5940.0, v=75.0, w=14.0) ➡️  ESB_SAW_28395_28455_(u=6000.0, v=76.0, w=15.0) ➡️  SAW_TZX_29415_29515_(u=100.0, v=1.0, w=1.0) ➡️  TZX_SAW_29810_29920_(u=210.0, v=2.0, w=1.0) ➡️  SAW_ESB_29960_30020_(u=270.0, v=3.0, w=1.0) ➡️  ESB_SAW_30780_30840_(u=330.0, v=4.0, w=2.0) ➡️  SAW_VAS_31080_31160_(u=410.0, v=5.0, w=2.0) ➡️  VAS_SAW_31200_31280_(u=490.0, v=6.0, w=2.0) ➡️  SAW_ADB_31345_31405_(u=550.0, v=7.0, w=2.0) ➡️  ADB_SAW_31440_31500_(u=610.0, v=8.0, w=2.0) ➡️  SAW_ADB_32100_32160_(u=670.0, v=9.0, w=3.0) ➡️  ADB_SAW_32195_32255_(u=730.0, v=10.0, w=3.0) ➡️  SAW_TZX_32295_32395_(u=830.0, v=11.0, w=3.0) ➡️  TZX_SAW_32690_32800_(u=940.0, v=12.0, w=3.0) ➡️  SAW_ESB_32840_32900_(u=1000.0, v=13.0, w=3.0) ➡️  ESB_DIY_33060_33140_(u=1080.0, v=14.0, w=3.0) ➡️  DIY_ESB_33510_33595_(u=1165.0, v=15.0, w=4.0) ➡️  ESB_KSY_33670_33765_(u=1260.0, v=16.0, w=4.0) ➡️  KSY_ESB_33805_33910_(u=1365.0, v=17.0, w=4.0) ➡️  ESB_SAW_33945_34005_(u=1425.0, v=18.0, w=4.0) ➡️  SAW_ERZ_34140_34240_(u=1525.0, v=19.0, w=4.0) ➡️  ERZ_SAW_34275_34385_(u=1635.0, v=20.0, w=4.0) ➡️  SAW_ESB_34980_35040_(u=1695.0, v=21.0, w=5.0) ➡️  ESB_VAN_35310_35400_(u=1785.0, v=22.0, w=5.0) ➡️  VAN_ESB_35445_35550_(u=1890.0, v=23.0, w=5.0) ➡️  ESB_SAW_35685_35745_(u=1950.0, v=24.0, w=5.0) ➡️  SAW_AYT_35785_35850_(u=2015.0, v=25.0, w=5.0) ➡️  t_(u=0.0, v=0.0, w=0.0)

🛩️ Aircraft N125 path (32 nodes): s_(u=0.0, v=0.0, w=0.0) ➡️  N125_(u=5245.0, v=67.0, w=14.0) ➡️  GZT_ESB_26340_26410_(u=5315.0, v=68.0, w=14.0) ➡️  ESB_DIY_26730_26810_(u=5395.0, v=69.0, w=14.0) ➡️  DIY_ESB_26885_26970_(u=5480.0, v=70.0, w=14.0) ➡️  ESB_ADB_27050_27130_(u=5560.0, v=71.0, w=14.0) ➡️  ADB_ESB_27165_27240_(u=5635.0, v=72.0, w=14.0) ➡️  ESB_DIY_27930_28010_(u=5715.0, v=73.0, w=15.0) ➡️  DIY_ESB_28070_28155_(u=5800.0, v=74.0, w=15.0) ➡️  ESB_AJI_28210_28305_(u=5895.0, v=75.0, w=15.0) ➡️  AJI_ESB_28345_28450_(u=6000.0, v=76.0, w=15.0) ➡️  ESB_ERZ_29360_29445_(u=85.0, v=1.0, w=1.0) ➡️  ERZ_ESB_29480_29570_(u=175.0, v=2.0, w=1.0) ➡️  ESB_ECN_29640_29710_(u=245.0, v=3.0, w=1.0) ➡️  ECN_ESB_30035_30100_(u=310.0, v=4.0, w=1.0) ➡️  ESB_ADB_30165_30245_(u=390.0, v=5.0, w=1.0) ➡️  ADB_ESB_30660_30735_(u=465.0, v=6.0, w=2.0) ➡️  ESB_MSR_30810_30900_(u=555.0, v=7.0, w=2.0) ➡️  MSR_ESB_30935_31035_(u=655.0, v=8.0, w=2.0) ➡️  ESB_ECN_31080_31150_(u=725.0, v=9.0, w=2.0) ➡️  ECN_ESB_31475_31540_(u=790.0, v=10.0, w=2.0) ➡️  ESB_ADA_31615_31675_(u=850.0, v=11.0, w=2.0) ➡️  ADA_ESB_32325_32390_(u=915.0, v=12.0, w=3.0) ➡️  ESB_GZT_32535_32605_(u=985.0, v=13.0, w=3.0) ➡️  GZT_ESB_32640_32710_(u=1055.0, v=14.0, w=3.0) ➡️  ESB_ADB_32760_32840_2_(u=1135.0, v=15.0, w=3.0) ➡️  ADB_ESB_32875_32950_(u=1210.0, v=16.0, w=3.0) ➡️  ESB_ECN_33690_33760_(u=1280.0, v=17.0, w=4.0) ➡️  ECN_ESB_33800_33865_(u=1345.0, v=18.0, w=4.0) ➡️  ESB_KSY_33945_34040_(u=1440.0, v=19.0, w=4.0) ➡️  KSY_ESB_34080_34185_(u=1545.0, v=20.0, w=4.0) ➡️  ESB_AYT_35250_35315_(u=1610.0, v=21.0, w=5.0) ➡️  AYT_ESB_35350_35415_(u=1675.0, v=22.0, w=5.0) ➡️  ESB_SZF_35930_35990_(u=1735.0, v=23.0, w=5.0) ➡️  t_(u=0.0, v=0.0, w=0.0)

🛩️ Aircraft N126 path (33 nodes): s_(u=0.0, v=0.0, w=0.0) ➡️  N126_(u=5075.0, v=65.0, w=13.0) ➡️  TZX_ESB_26340_26420_(u=5155.0, v=66.0, w=13.0) ➡️  ESB_ADB_26480_26560_(u=5235.0, v=67.0, w=13.0) ➡️  ADB_ESB_26625_26700_(u=5310.0, v=68.0, w=13.0) ➡️  ESB_KSY_26745_26840_(u=5405.0, v=69.0, w=13.0) ➡️  KSY_ESB_26880_26985_(u=5510.0, v=70.0, w=13.0) ➡️  ESB_DIY_27040_27120_(u=5590.0, v=71.0, w=13.0) ➡️  DIY_ESB_27160_27245_(u=5675.0, v=72.0, w=13.0) ➡️  ESB_MSR_27930_28020_(u=5765.0, v=73.0, w=14.0) ➡️  MSR_ESB_28055_28155_(u=5865.0, v=74.0, w=14.0) ➡️  ESB_AYT_29490_29560_(u=5935.0, v=75.0, w=15.0) ➡️  AYT_ESB_29610_29675_(u=6000.0, v=76.0, w=15.0) ➡️  ESB_GZT_30175_30245_(u=70.0, v=1.0, w=1.0) ➡️  GZT_ESB_30660_30730_(u=140.0, v=2.0, w=2.0) ➡️  ESB_TZX_31370_31450_(u=220.0, v=3.0, w=2.0) ➡️  TZX_ESB_31485_31565_(u=300.0, v=4.0, w=2.0) ➡️  ESB_SZF_31610_31670_(u=360.0, v=5.0, w=2.0) ➡️  SZF_ESB_32100_32160_(u=420.0, v=6.0, w=3.0) ➡️  ESB_MSR_32250_32340_(u=510.0, v=7.0, w=3.0) ➡️  MSR_ESB_32375_32475_(u=610.0, v=8.0, w=3.0) ➡️  ESB_EZS_32535_32610_(u=685.0, v=9.0, w=3.0) ➡️  EZS_ESB_32645_32725_(u=765.0, v=10.0, w=3.0) ➡️  ESB_ADB_32760_32840_1_(u=845.0, v=11.0, w=3.0) ➡️  ADB_ESB_33540_33615_(u=920.0, v=12.0, w=4.0) ➡️  ESB_MSR_33690_33780_(u=1010.0, v=13.0, w=4.0) ➡️  MSR_ESB_33815_33915_(u=1110.0, v=14.0, w=4.0) ➡️  ESB_MQM_33950_34045_(u=1205.0, v=15.0, w=4.0) ➡️  MQM_ESB_34080_34175_(u=1300.0, v=16.0, w=4.0) ➡️  ESB_ADB_34250_34330_(u=1380.0, v=17.0, w=4.0) ➡️  ADB_SAW_34405_34465_(u=1440.0, v=18.0, w=4.0) ➡️  SAW_ADB_35610_35670_(u=1500.0, v=19.0, w=5.0) ➡️  ADB_SAW_35705_35765_(u=1560.0, v=20.0, w=5.0) ➡️  SAW_ESB_35805_35865_(u=1620.0, v=21.0, w=5.0) ➡️  ESB_GZT_35935_36005_(u=1690.0, v=22.0, w=5.0) ➡️  t_(u=0.0, v=0.0, w=0.0)

🛩️ Aircraft N127 path (37 nodes): s_(u=0.0, v=0.0, w=0.0) ➡️  N127_(u=4650.0, v=59.0, w=12.0) ➡️  ADA_SAW_26340_26430_(u=4740.0, v=60.0, w=12.0) ➡️  SAW_TZX_26535_26635_(u=4840.0, v=61.0, w=12.0) ➡️  TZX_ESB_26890_26970_(u=4920.0, v=62.0, w=12.0) ➡️  ESB_ADA_27295_27355_(u=4980.0, v=63.0, w=12.0) ➡️  ADA_ESB_28600_28665_(u=5045.0, v=64.0, w=13.0) ➡️  ESB_BAL_29365_29455_(u=5135.0, v=65.0, w=14.0) ➡️  BAL_ESB_29495_29590_(u=5230.0, v=66.0, w=14.0) ➡️  ESB_MQM_29630_29725_(u=5325.0, v=67.0, w=14.0) ➡️  MQM_ESB_29760_29855_(u=5420.0, v=68.0, w=14.0) ➡️  ESB_ADB_29930_30010_(u=5500.0, v=69.0, w=14.0) ➡️  ADB_ESB_30045_30120_(u=5575.0, v=70.0, w=14.0) ➡️  ESB_ADB_30800_30880_(u=5655.0, v=71.0, w=15.0) ➡️  ADB_ESB_30945_31020_(u=5730.0, v=72.0, w=15.0) ➡️  ESB_SAW_31065_31125_(u=5790.0, v=73.0, w=15.0) ➡️  SAW_ERZ_31260_31360_(u=5890.0, v=74.0, w=15.0) ➡️  ERZ_SAW_31395_31505_(u=6000.0, v=75.0, w=15.0) ➡️  SAW_ESB_32100_32160_(u=60.0, v=0.0, w=1.0) ➡️  ESB_ADB_32240_32320_(u=140.0, v=1.0, w=1.0) ➡️  ADB_ESB_32385_32460_(u=215.0, v=2.0, w=1.0) ➡️  ESB_ERC_32500_32580_(u=295.0, v=3.0, w=1.0) ➡️  ERC_ESB_32615_32695_(u=375.0, v=4.0, w=1.0) ➡️  ESB_AYT_32820_32890_(u=445.0, v=5.0, w=1.0) ➡️  AYT_ESB_32925_32990_(u=510.0, v=6.0, w=1.0) ➡️  ESB_SZF_33050_33110_(u=570.0, v=7.0, w=1.0) ➡️  SZF_ESB_33540_33600_(u=630.0, v=8.0, w=2.0) ➡️  ESB_AYT_33690_33760_(u=700.0, v=9.0, w=2.0) ➡️  AYT_ESB_33810_33875_(u=765.0, v=10.0, w=2.0) ➡️  ESB_AYT_33975_34045_(u=835.0, v=11.0, w=2.0) ➡️  AYT_ESB_34110_34175_(u=900.0, v=12.0, w=2.0) ➡️  ESB_ECN_34240_34310_(u=970.0, v=13.0, w=2.0) ➡️  ECN_ESB_34355_34420_(u=1035.0, v=14.0, w=2.0) ➡️  ESB_SAW_35090_35150_(u=1095.0, v=15.0, w=3.0) ➡️  SAW_TZX_35195_35295_(u=1195.0, v=16.0, w=3.0) ➡️  TZX_ESB_35520_35600_(u=1275.0, v=17.0, w=3.0) ➡️  ESB_TZX_35690_35770_(u=1355.0, v=18.0, w=3.0) ➡️  TZX_ESB_35805_35885_(u=1435.0, v=19.0, w=3.0) ➡️  ESB_ADB_35925_36005_(u=1515.0, v=20.0, w=3.0) ➡️  t_(u=0.0, v=0.0, w=0.0)

🛩️ Aircraft N128 path (24 nodes): s_(u=0.0, v=0.0, w=0.0) ➡️  N128_(u=4075.0, v=52.0, w=10.0) ➡️  ADA_ESB_26355_26420_(u=4140.0, v=53.0, w=10.0) ➡️  ESB_DIY_26490_26570_(u=4220.0, v=54.0, w=10.0) ➡️  DIY_ESB_26630_26715_(u=4305.0, v=55.0, w=10.0) ➡️  ESB_ECN_26760_26830_(u=4375.0, v=56.0, w=10.0) ➡️  ECN_ESB_27155_27220_(u=4440.0, v=57.0, w=10.0) ➡️  ESB_MLX_27280_27350_(u=4510.0, v=58.0, w=10.0) ➡️  MLX_ESB_27780_27855_(u=4585.0, v=59.0, w=11.0) ➡️  ESB_TZX_27915_27995_(u=4665.0, v=60.0, w=11.0) ➡️  TZX_ESB_28045_28125_(u=4745.0, v=61.0, w=11.0) ➡️  ESB_SAW_28185_28245_(u=4805.0, v=62.0, w=11.0) ➡️  SAW_ESB_29280_29340_(u=4865.0, v=63.0, w=12.0) ➡️  ESB_ADA_29940_30000_(u=4925.0, v=64.0, w=12.0) ➡️  ADA_SAW_30060_30150_(u=5015.0, v=65.0, w=12.0) ➡️  SAW_ESB_30720_30780_(u=5075.0, v=66.0, w=13.0) ➡️  ESB_SAW_31395_31455_(u=5135.0, v=67.0, w=13.0) ➡️  SAW_ESB_31500_31560_(u=5195.0, v=68.0, w=13.0) ➡️  ESB_AYT_32250_32320_(u=5265.0, v=69.0, w=14.0) ➡️  AYT_ESB_32370_32435_(u=5330.0, v=70.0, w=14.0) ➡️  ESB_DIY_32490_32570_(u=5410.0, v=71.0, w=14.0) ➡️  DIY_ESB_32645_32730_(u=5495.0, v=72.0, w=14.0) ➡️  ESB_VAN_33810_33905_(u=5590.0, v=73.0, w=15.0) ➡️  VAN_ESB_34050_34155_(u=5695.0, v=74.0, w=15.0) ➡️  ESB_SAW_34380_34440_(u=5755.0, v=75.0, w=15.0) ➡️  SAW_ESB_35715_35775_(u=5815.0, v=76.0, w=16.0) ➡️  t_(u=0.0, v=0.0, w=0.0)

🛩️ Aircraft N129 path (41 nodes): s_(u=0.0, v=0.0, w=0.0) ➡️  N129_(u=0.0, v=0.0, w=1.0) ➡️  EZS_ESB_26340_26420_(u=80.0, v=1.0, w=1.0) ➡️  ESB_ECN_26490_26560_(u=150.0, v=2.0, w=1.0) ➡️  ECN_ESB_26600_26665_(u=215.0, v=3.0, w=1.0) ➡️  ESB_VAN_26725_26820_(u=310.0, v=4.0, w=1.0) ➡️  VAN_ESB_26910_27015_(u=415.0, v=5.0, w=1.0) ➡️  ESB_AYT_27060_27130_(u=485.0, v=6.0, w=1.0) ➡️  AYT_ESB_27165_27230_(u=550.0, v=7.0, w=1.0) ➡️  ESB_ADB_27920_28000_(u=630.0, v=8.0, w=2.0) ➡️  ADB_ESB_28065_28140_(u=705.0, v=9.0, w=2.0) ➡️  ESB_ADB_28185_28265_(u=785.0, v=10.0, w=2.0) ➡️  ADB_ESB_28350_28425_(u=860.0, v=11.0, w=2.0) ➡️  ESB_TZX_28490_28570_(u=940.0, v=12.0, w=2.0) ➡️  TZX_ESB_28605_28685_(u=1020.0, v=13.0, w=2.0) ➡️  ESB_GZT_28735_28805_(u=1090.0, v=14.0, w=2.0) ➡️  GZT_ESB_29220_29290_(u=1160.0, v=15.0, w=3.0) ➡️  ESB_SAW_29625_29685_(u=1220.0, v=16.0, w=3.0) ➡️  SAW_ERZ_29820_29920_(u=1320.0, v=17.0, w=3.0) ➡️  ERZ_SAW_29955_30065_(u=1430.0, v=18.0, w=3.0) ➡️  SAW_ESB_30660_30720_(u=1490.0, v=19.0, w=4.0) ➡️  ESB_GNY_31360_31435_(u=1565.0, v=20.0, w=4.0) ➡️  GNY_ESB_31470_31550_(u=1645.0, v=21.0, w=4.0) ➡️  ESB_DIY_31620_31700_(u=1725.0, v=22.0, w=4.0) ➡️  DIY_ESB_32070_32155_(u=1810.0, v=23.0, w=5.0) ➡️  ESB_TZX_32235_32315_(u=1890.0, v=24.0, w=5.0) ➡️  TZX_ESB_32365_32445_(u=1970.0, v=25.0, w=5.0) ➡️  ESB_VAN_32485_32580_(u=2065.0, v=26.0, w=5.0) ➡️  VAN_ESB_32670_32775_(u=2170.0, v=27.0, w=5.0) ➡️  ESB_ECN_32820_32890_(u=2240.0, v=28.0, w=5.0) ➡️  ECN_ESB_33540_33605_(u=2305.0, v=29.0, w=6.0) ➡️  ESB_ERZ_33680_33765_(u=2390.0, v=30.0, w=6.0) ➡️  ERZ_ESB_33800_33890_(u=2480.0, v=31.0, w=6.0) ➡️  ESB_VAN_33925_34020_(u=2575.0, v=32.0, w=6.0) ➡️  VAN_ESB_34110_34215_(u=2680.0, v=33.0, w=6.0) ➡️  ESB_DIY_34500_34580_(u=2760.0, v=34.0, w=6.0) ➡️  DIY_ESB_34950_35035_(u=2845.0, v=35.0, w=7.0) ➡️  ESB_MQM_35115_35205_(u=2935.0, v=36.0, w=7.0) ➡️  MQM_ESB_35240_35335_(u=3030.0, v=37.0, w=7.0) ➡️  ESB_AYT_35400_35465_(u=3095.0, v=38.0, w=7.0) ➡️  AYT_ESB_35505_35570_(u=3160.0, v=39.0, w=7.0) ➡️  ESB_AYT_35700_35770_(u=3230.0, v=40.0, w=7.0) ➡️  AYT_ESB_35805_35870_(u=3295.0, v=41.0, w=7.0) ➡️  t_(u=0.0, v=0.0, w=0.0)

🛩️ Aircraft N130 path (33 nodes): s_(u=0.0, v=0.0, w=0.0) ➡️  N130_(u=0.0, v=0.0, w=1.0) ➡️  DIY_ESB_26310_26395_(u=85.0, v=1.0, w=1.0) ➡️  ESB_KSY_26470_26565_(u=180.0, v=2.0, w=1.0) ➡️  KSY_ESB_26605_26710_(u=285.0, v=3.0, w=1.0) ➡️  ESB_AYT_26775_26845_(u=355.0, v=4.0, w=1.0) ➡️  AYT_ESB_26910_26975_(u=420.0, v=5.0, w=1.0) ➡️  ESB_ERZ_27920_28005_(u=505.0, v=6.0, w=2.0) ➡️  ERZ_ESB_28040_28130_(u=595.0, v=7.0, w=2.0) ➡️  ESB_AYT_28215_28285_(u=665.0, v=8.0, w=2.0) ➡️  AYT_ESB_28350_28415_(u=730.0, v=9.0, w=2.0) ➡️  ESB_MLX_28720_28790_(u=800.0, v=10.0, w=2.0) ➡️  MLX_ESB_29220_29295_(u=875.0, v=11.0, w=3.0) ➡️  ESB_ADB_29625_29705_(u=955.0, v=12.0, w=3.0) ➡️  ADB_ESB_29790_29865_(u=1030.0, v=13.0, w=3.0) ➡️  ESB_GNY_29920_29995_(u=1105.0, v=14.0, w=3.0) ➡️  GNY_ESB_30030_30110_(u=1185.0, v=15.0, w=3.0) ➡️  ESB_DIY_30810_30890_(u=1265.0, v=16.0, w=4.0) ➡️  DIY_ESB_30950_31035_(u=1350.0, v=17.0, w=4.0) ➡️  ESB_SAW_31275_31335_(u=1410.0, v=18.0, w=4.0) ➡️  SAW_ADA_31380_31465_(u=1495.0, v=19.0, w=4.0) ➡️  ADA_ESB_32115_32180_(u=1560.0, v=20.0, w=5.0) ➡️  ESB_ECN_32250_32320_(u=1630.0, v=21.0, w=5.0) ➡️  ECN_ESB_32360_32425_(u=1695.0, v=22.0, w=5.0) ➡️  ESB_ECN_32520_32590_(u=1765.0, v=23.0, w=5.0) ➡️  ECN_ADA_32700_32755_(u=1820.0, v=24.0, w=5.0) ➡️  ADA_SAW_33540_33630_(u=1910.0, v=25.0, w=6.0) ➡️  SAW_ADB_34110_34170_(u=1970.0, v=26.0, w=6.0) ➡️  ADB_SAW_34210_34270_(u=2030.0, v=27.0, w=6.0) ➡️  SAW_ESB_35040_35100_(u=2090.0, v=28.0, w=7.0) ➡️  ESB_AYT_35140_35205_(u=2155.0, v=29.0, w=7.0) ➡️  AYT_ESB_35260_35325_(u=2220.0, v=30.0, w=7.0) ➡️  ESB_EZS_35415_35490_(u=2295.0, v=31.0, w=7.0) ➡️  EZS_ESB_35525_35605_(u=2375.0, v=32.0, w=7.0) ➡️  ESB_SAW_35820_35880_(u=2435.0, v=33.0, w=7.0) ➡️  t_(u=0.0, v=0.0, w=0.0)

🛩️ Aircraft N131 path (35 nodes): s_(u=0.0, v=0.0, w=0.0) ➡️  N131_(u=0.0, v=0.0, w=1.0) ➡️  SAW_ESB_26400_26460_(u=60.0, v=1.0, w=1.0) ➡️  ESB_TZX_26775_26855_(u=140.0, v=2.0, w=1.0) ➡️  TZX_SAW_26930_27040_(u=250.0, v=3.0, w=1.0) ➡️  SAW_ESB_27080_27140_(u=310.0, v=4.0, w=1.0) ➡️  ESB_GZT_27295_27365_(u=380.0, v=5.0, w=1.0) ➡️  GZT_ESB_27780_27850_(u=450.0, v=6.0, w=2.0) ➡️  ESB_AYT_27930_28000_(u=520.0, v=7.0, w=2.0) ➡️  AYT_ESB_28050_28115_(u=585.0, v=8.0, w=2.0) ➡️  ESB_AYT_28725_28795_(u=655.0, v=9.0, w=2.0) ➡️  AYT_ESB_29220_29285_(u=720.0, v=10.0, w=3.0) ➡️  ESB_DIY_29370_29450_(u=800.0, v=11.0, w=3.0) ➡️  DIY_ESB_29510_29595_(u=885.0, v=12.0, w=3.0) ➡️  ESB_TZX_29655_29735_(u=965.0, v=13.0, w=3.0) ➡️  TZX_ESB_29770_29850_(u=1045.0, v=14.0, w=3.0) ➡️  ESB_KSY_30790_30885_(u=1140.0, v=15.0, w=4.0) ➡️  KSY_ESB_30925_31030_(u=1245.0, v=16.0, w=4.0) ➡️  ESB_AJI_31090_31185_(u=1340.0, v=17.0, w=4.0) ➡️  AJI_ESB_31225_31330_(u=1445.0, v=18.0, w=4.0) ➡️  ESB_MLX_31600_31670_(u=1515.0, v=19.0, w=4.0) ➡️  MLX_ESB_32100_32175_(u=1590.0, v=20.0, w=5.0) ➡️  ESB_DIY_32250_32330_(u=1670.0, v=21.0, w=5.0) ➡️  DIY_ESB_32390_32475_(u=1755.0, v=22.0, w=5.0) ➡️  ESB_SAW_32730_32785_(u=1810.0, v=23.0, w=5.0) ➡️  SAW_ADA_32820_32905_(u=1895.0, v=24.0, w=5.0) ➡️  ADA_SAW_32940_33030_(u=1985.0, v=25.0, w=5.0) ➡️  SAW_ADB_33540_33600_(u=2045.0, v=26.0, w=6.0) ➡️  ADB_SAW_33635_33695_(u=2105.0, v=27.0, w=6.0) ➡️  SAW_ESB_33780_33840_(u=2165.0, v=28.0, w=6.0) ➡️  ESB_AJI_33970_34065_(u=2260.0, v=29.0, w=6.0) ➡️  AJI_ESB_34105_34210_(u=2365.0, v=30.0, w=6.0) ➡️  ESB_ADB_35385_35465_(u=2445.0, v=31.0, w=7.0) ➡️  ADB_ESB_35505_35580_(u=2520.0, v=32.0, w=7.0) ➡️  ESB_ERZ_35675_35760_(u=2605.0, v=33.0, w=7.0) ➡️  ERZ_ESB_35795_35885_(u=2695.0, v=34.0, w=7.0) ➡️  ESB_MLX_35920_35995_(u=2770.0, v=35.0, w=7.0) ➡️  t_(u=0.0, v=0.0, w=0.0)

🛩️ Aircraft N132 path (32 nodes): s_(u=0.0, v=0.0, w=0.0) ➡️  N132_(u=0.0, v=0.0, w=1.0) ➡️  AYT_ESB_26340_26405_(u=65.0, v=1.0, w=1.0) ➡️  ESB_AYT_26490_26560_(u=135.0, v=2.0, w=1.0) ➡️  AYT_ESB_26610_26675_(u=200.0, v=3.0, w=1.0) ➡️  ESB_SAW_26745_26805_(u=260.0, v=4.0, w=1.0) ➡️  SAW_ERZ_26940_27040_(u=360.0, v=5.0, w=1.0) ➡️  ERZ_SAW_27075_27185_(u=470.0, v=6.0, w=1.0) ➡️  SAW_ESB_27840_27900_(u=530.0, v=7.0, w=2.0) ➡️  ESB_VAN_28165_28260_(u=625.0, v=8.0, w=2.0) ➡️  VAN_ESB_28350_28455_(u=730.0, v=9.0, w=2.0) ➡️  ESB_KSY_29350_29445_(u=825.0, v=10.0, w=3.0) ➡️  KSY_ESB_29485_29590_(u=930.0, v=11.0, w=3.0) ➡️  ESB_EZS_29655_29730_(u=1005.0, v=12.0, w=3.0) ➡️  EZS_ESB_29765_29845_(u=1085.0, v=13.0, w=3.0) ➡️  ESB_ADA_30175_30235_(u=1145.0, v=14.0, w=3.0) ➡️  ADA_ESB_31480_31545_(u=1210.0, v=15.0, w=4.0) ➡️  ESB_AYT_31605_31675_(u=1280.0, v=16.0, w=4.0) ➡️  AYT_ESB_32100_32165_(u=1345.0, v=17.0, w=5.0) ➡️  ESB_AYT_32535_32605_(u=1415.0, v=18.0, w=5.0) ➡️  AYT_ESB_32670_32735_(u=1480.0, v=19.0, w=5.0) ➡️  ESB_GNY_32800_32875_(u=1555.0, v=20.0, w=5.0) ➡️  GNY_ESB_32910_32990_(u=1635.0, v=21.0, w=5.0) ➡️  ESB_ADA_33660_33720_(u=1695.0, v=22.0, w=6.0) ➡️  ADA_ESB_33765_33830_(u=1760.0, v=23.0, w=6.0) ➡️  ESB_GZT_34495_34565_(u=1830.0, v=24.0, w=6.0) ➡️  GZT_ESB_34980_35050_(u=1900.0, v=25.0, w=7.0) ➡️  ESB_DIY_35120_35200_(u=1980.0, v=26.0, w=7.0) ➡️  DIY_ESB_35235_35320_(u=2065.0, v=27.0, w=7.0) ➡️  ESB_ECN_35460_35530_(u=2135.0, v=28.0, w=7.0) ➡️  ECN_ADA_35580_35635_(u=2190.0, v=29.0, w=7.0) ➡️  ADA_ECN_35685_35745_(u=2250.0, v=30.0, w=7.0) ➡️  ECN_ESB_35795_35860_(u=2315.0, v=31.0, w=7.0) ➡️  ESB_ADA_35935_35995_(u=2375.0, v=32.0, w=7.0) ➡️  t_(u=0.0, v=0.0, w=0.0)

🛩️ Aircraft N133 path (26 nodes): s_(u=0.0, v=0.0, w=0.0) ➡️  N133_(u=0.0, v=0.0, w=1.0) ➡️  ESB_VAN_26470_26565_(u=95.0, v=1.0, w=1.0) ➡️  VAN_ESB_26610_26715_(u=200.0, v=2.0, w=1.0) ➡️  ESB_EZS_26775_26850_(u=275.0, v=3.0, w=1.0) ➡️  EZS_ESB_26885_26965_(u=355.0, v=4.0, w=1.0) ➡️  ESB_SAW_27075_27135_(u=415.0, v=5.0, w=1.0) ➡️  SAW_ERZ_28380_28480_(u=515.0, v=6.0, w=2.0) ➡️  ERZ_SAW_28515_28625_(u=625.0, v=7.0, w=2.0) ➡️  SAW_AYT_29400_29465_(u=690.0, v=8.0, w=3.0) ➡️  AYT_SAW_29505_29570_(u=755.0, v=9.0, w=3.0) ➡️  SAW_ASR_30135_30205_(u=825.0, v=10.0, w=3.0) ➡️  ASR_SAW_30660_30740_(u=905.0, v=11.0, w=4.0) ➡️  SAW_TZX_30855_30955_(u=1005.0, v=12.0, w=4.0) ➡️  TZX_SAW_31250_31360_(u=1115.0, v=13.0, w=4.0) ➡️  SAW_AYT_32790_32855_(u=1180.0, v=14.0, w=5.0) ➡️  AYT_SAW_32890_32955_(u=1245.0, v=15.0, w=5.0) ➡️  SAW_ADA_33030_33115_(u=1330.0, v=16.0, w=5.0) ➡️  ADA_ESB_33555_33620_(u=1395.0, v=17.0, w=6.0) ➡️  ESB_AYT_33810_33880_(u=1465.0, v=18.0, w=6.0) ➡️  AYT_ESB_33930_33995_(u=1530.0, v=19.0, w=6.0) ➡️  ESB_ADA_34260_34320_(u=1590.0, v=20.0, w=6.0) ➡️  ADA_ESB_34995_35060_(u=1655.0, v=21.0, w=7.0) ➡️  ESB_BAL_35115_35205_(u=1745.0, v=22.0, w=7.0) ➡️  BAL_ESB_35240_35335_(u=1840.0, v=23.0, w=7.0) ➡️  ESB_GZT_35375_35445_(u=1910.0, v=24.0, w=7.0) ➡️  GZT_ESB_35480_35550_(u=1980.0, v=25.0, w=7.0) ➡️  ESB_TZX_35925_36005_(u=2060.0, v=26.0, w=7.0) ➡️  t_(u=0.0, v=0.0, w=0.0)

🛩️ Aircraft N134 path (36 nodes): s_(u=0.0, v=0.0, w=0.0) ➡️  N134_(u=0.0, v=0.0, w=1.0) ➡️  ADB_ESB_26340_26415_(u=75.0, v=1.0, w=1.0) ➡️  ESB_BJV_26505_26580_(u=150.0, v=2.0, w=1.0) ➡️  BJV_ESB_26615_26690_(u=225.0, v=3.0, w=1.0) ➡️  ESB_ERC_26740_26820_(u=305.0, v=4.0, w=1.0) ➡️  ERC_ESB_26855_26935_(u=385.0, v=5.0, w=1.0) ➡️  ESB_DIY_27300_27380_(u=465.0, v=6.0, w=1.0) ➡️  DIY_ESB_27750_27835_(u=550.0, v=7.0, w=2.0) ➡️  ESB_BAL_27925_28015_(u=640.0, v=8.0, w=2.0) ➡️  BAL_ESB_28055_28150_(u=735.0, v=9.0, w=2.0) ➡️  ESB_DIY_28480_28560_(u=815.0, v=10.0, w=2.0) ➡️  DIY_ESB_28600_28685_(u=900.0, v=11.0, w=2.0) ➡️  ESB_MSR_29370_29460_(u=990.0, v=12.0, w=3.0) ➡️  MSR_ESB_29495_29595_(u=1090.0, v=13.0, w=3.0) ➡️  ESB_SAW_29850_29905_(u=1145.0, v=14.0, w=3.0) ➡️  SAW_ADA_29940_30025_(u=1230.0, v=15.0, w=3.0) ➡️  ADA_ESB_30675_30740_(u=1295.0, v=16.0, w=4.0) ➡️  ESB_TZX_30795_30875_(u=1375.0, v=17.0, w=4.0) ➡️  TZX_ESB_30925_31005_(u=1455.0, v=18.0, w=4.0) ➡️  ESB_AYT_31380_31450_(u=1525.0, v=19.0, w=4.0) ➡️  AYT_ESB_31485_31550_(u=1590.0, v=20.0, w=4.0) ➡️  ESB_BAL_32245_32335_(u=1680.0, v=21.0, w=5.0) ➡️  BAL_ESB_32375_32470_(u=1775.0, v=22.0, w=5.0) ➡️  ESB_ADB_32505_32585_(u=1855.0, v=23.0, w=5.0) ➡️  ADB_ESB_32670_32745_(u=1930.0, v=24.0, w=5.0) ➡️  ESB_SAW_32835_32895_(u=1990.0, v=25.0, w=5.0) ➡️  SAW_ESB_32940_33000_(u=2050.0, v=26.0, w=5.0) ➡️  ESB_ADB_33045_33125_(u=2130.0, v=27.0, w=5.0) ➡️  ADB_ESB_33825_33900_(u=2205.0, v=28.0, w=6.0) ➡️  ESB_TZX_33975_34055_(u=2285.0, v=29.0, w=6.0) ➡️  TZX_SAW_34130_34240_(u=2395.0, v=30.0, w=6.0) ➡️  SAW_ESB_34280_34340_(u=2455.0, v=31.0, w=6.0) ➡️  ESB_ADB_35130_35210_(u=2535.0, v=32.0, w=7.0) ➡️  ADB_ESB_35250_35325_(u=2610.0, v=33.0, w=7.0) ➡️  ESB_VAN_35380_35475_(u=2705.0, v=34.0, w=7.0) ➡️  VAN_ESB_35520_35625_(u=2810.0, v=35.0, w=7.0) ➡️  ESB_ADB_35685_35765_(u=2890.0, v=36.0, w=7.0) ➡️  t_(u=0.0, v=0.0, w=0.0)

🛩️ Aircraft N135 path (28 nodes): s_(u=0.0, v=0.0, w=0.0) ➡️  N135_(u=0.0, v=0.0, w=1.0) ➡️  ADA_ESB_27160_27225_(u=65.0, v=1.0, w=1.0) ➡️  ESB_TZX_27285_27365_(u=145.0, v=2.0, w=1.0) ➡️  TZX_ESB_27780_27860_(u=225.0, v=3.0, w=2.0) ➡️  ESB_VAN_27910_28005_(u=320.0, v=4.0, w=2.0) ➡️  VAN_ESB_28050_28155_(u=425.0, v=5.0, w=2.0) ➡️  ESB_AYT_28500_28570_(u=495.0, v=6.0, w=2.0) ➡️  AYT_ESB_28605_28670_(u=560.0, v=7.0, w=2.0) ➡️  ESB_ADA_28735_28795_(u=620.0, v=8.0, w=2.0) ➡️  ADA_ESB_30040_30105_(u=685.0, v=9.0, w=3.0) ➡️  ESB_SZF_30170_30230_(u=745.0, v=10.0, w=3.0) ➡️  SZF_ESB_30660_30720_(u=805.0, v=11.0, w=4.0) ➡️  ESB_AYT_31095_31165_(u=875.0, v=12.0, w=4.0) ➡️  AYT_ESB_31230_31295_(u=940.0, v=13.0, w=4.0) ➡️  ESB_ADA_31380_31440_(u=1000.0, v=14.0, w=4.0) ➡️  ADA_SAW_32100_32190_(u=1090.0, v=15.0, w=5.0) ➡️  SAW_AYT_32280_32345_(u=1155.0, v=16.0, w=5.0) ➡️  AYT_SAW_32385_32450_(u=1220.0, v=17.0, w=5.0) ➡️  SAW_ADB_32670_32730_(u=1280.0, v=18.0, w=5.0) ➡️  ADB_SAW_32770_32830_(u=1340.0, v=19.0, w=5.0) ➡️  SAW_ADB_32870_32930_(u=1400.0, v=20.0, w=5.0) ➡️  ADB_SAW_32965_33025_(u=1460.0, v=21.0, w=5.0) ➡️  SAW_ESB_33540_33600_(u=1520.0, v=22.0, w=6.0) ➡️  ESB_BJV_33705_33780_(u=1595.0, v=23.0, w=6.0) ➡️  BJV_ESB_33815_33890_(u=1670.0, v=24.0, w=6.0) ➡️  ESB_ERC_33940_34020_(u=1750.0, v=25.0, w=6.0) ➡️  ERC_ESB_34055_34135_(u=1830.0, v=26.0, w=6.0) ➡️  ESB_ADA_35100_35165_(u=1895.0, v=27.0, w=7.0) ➡️  ADA_ESB_35200_35265_(u=1960.0, v=28.0, w=7.0) ➡️  t_(u=0.0, v=0.0, w=0.0)

🛩️ Aircraft N136 path (36 nodes): s_(u=0.0, v=0.0, w=0.0) ➡️  N136_(u=0.0, v=0.0, w=1.0) ➡️  SAW_ADB_26340_26400_(u=60.0, v=1.0, w=1.0) ➡️  ADB_SAW_26435_26495_(u=120.0, v=2.0, w=1.0) ➡️  SAW_VAS_26760_26840_(u=200.0, v=3.0, w=1.0) ➡️  VAS_SAW_26880_26960_(u=280.0, v=4.0, w=1.0) ➡️  SAW_AYT_27030_27095_(u=345.0, v=5.0, w=1.0) ➡️  AYT_SAW_27130_27195_(u=410.0, v=6.0, w=1.0) ➡️  SAW_ADB_27780_27840_(u=470.0, v=7.0, w=2.0) ➡️  ADB_SAW_27875_27935_(u=530.0, v=8.0, w=2.0) ➡️  SAW_TZX_27975_28075_(u=630.0, v=9.0, w=2.0) ➡️  TZX_SAW_28370_28480_(u=740.0, v=10.0, w=2.0) ➡️  SAW_ESB_28520_28580_(u=800.0, v=11.0, w=2.0) ➡️  ESB_VAN_29490_29585_(u=895.0, v=12.0, w=3.0) ➡️  VAN_ESB_29730_29835_(u=1000.0, v=13.0, w=3.0) ➡️  ESB_TZX_29930_30010_(u=1080.0, v=14.0, w=3.0) ➡️  TZX_ESB_30045_30125_(u=1160.0, v=15.0, w=3.0) ➡️  ESB_AYT_30810_30880_(u=1230.0, v=16.0, w=4.0) ➡️  AYT_ESB_30930_30995_(u=1295.0, v=17.0, w=4.0) ➡️  ESB_VAN_32370_32465_(u=1390.0, v=18.0, w=5.0) ➡️  VAN_ESB_32610_32715_(u=1495.0, v=19.0, w=5.0) ➡️  ESB_ADB_32810_32890_(u=1575.0, v=20.0, w=5.0) ➡️  ADB_ESB_32925_33000_(u=1650.0, v=21.0, w=5.0) ➡️  ESB_EZS_33050_33125_(u=1725.0, v=22.0, w=5.0) ➡️  EZS_ESB_33540_33620_(u=1805.0, v=23.0, w=6.0) ➡️  ESB_DIY_33690_33770_(u=1885.0, v=24.0, w=6.0) ➡️  DIY_ESB_33830_33915_(u=1970.0, v=25.0, w=6.0) ➡️  ESB_AYT_34260_34330_(u=2040.0, v=26.0, w=6.0) ➡️  AYT_ESB_34365_34430_(u=2105.0, v=27.0, w=6.0) ➡️  ESB_SZF_34490_34550_(u=2165.0, v=28.0, w=6.0) ➡️  SZF_ESB_34980_35040_(u=2225.0, v=29.0, w=7.0) ➡️  ESB_ERZ_35120_35205_(u=2310.0, v=30.0, w=7.0) ➡️  ERZ_ESB_35240_35330_(u=2400.0, v=31.0, w=7.0) ➡️  ESB_ERC_35420_35500_(u=2480.0, v=32.0, w=7.0) ➡️  ERC_ESB_35535_35615_(u=2560.0, v=33.0, w=7.0) ➡️  ESB_ADA_35700_35765_(u=2625.0, v=34.0, w=7.0) ➡️  ADA_ESB_35800_35865_(u=2690.0, v=35.0, w=7.0) ➡️  ESB_ECN_35935_36005_(u=2760.0, v=36.0, w=7.0) ➡️  t_(u=0.0, v=0.0, w=0.0)

🛩️ Aircraft N137 path (35 nodes): s_(u=0.0, v=0.0, w=0.0) ➡️  N137_(u=0.0, v=0.0, w=1.0) ➡️  ESB_ADB_26385_26460_(u=75.0, v=1.0, w=1.0) ➡️  ADB_ESB_26495_26570_(u=150.0, v=2.0, w=1.0) ➡️  ESB_ADB_26745_26825_(u=230.0, v=3.0, w=1.0) ➡️  ADB_ESB_26910_26985_(u=305.0, v=4.0, w=1.0) ➡️  ESB_ADA_27060_27120_(u=365.0, v=5.0, w=1.0) ➡️  ADA_ESB_27795_27860_(u=430.0, v=6.0, w=2.0) ➡️  ESB_KSY_27910_28005_(u=525.0, v=7.0, w=2.0) ➡️  KSY_ESB_28045_28150_(u=630.0, v=8.0, w=2.0) ➡️  ESB_ECN_28480_28550_(u=700.0, v=9.0, w=2.0) ➡️  ECN_ESB_28595_28660_(u=765.0, v=10.0, w=2.0) ➡️  ESB_AYT_29655_29725_(u=835.0, v=11.0, w=3.0) ➡️  AYT_ESB_29790_29855_(u=900.0, v=12.0, w=3.0) ➡️  ESB_DIY_29920_30000_(u=980.0, v=13.0, w=3.0) ➡️  DIY_ESB_30040_30125_(u=1065.0, v=14.0, w=3.0) ➡️  ESB_EZS_31095_31170_(u=1140.0, v=15.0, w=4.0) ➡️  EZS_ESB_31205_31285_(u=1220.0, v=16.0, w=4.0) ➡️  ESB_ERZ_31355_31440_(u=1305.0, v=17.0, w=4.0) ➡️  ERZ_ESB_31475_31565_(u=1395.0, v=18.0, w=4.0) ➡️  ESB_VAN_32230_32325_(u=1490.0, v=19.0, w=5.0) ➡️  VAN_ESB_32370_32475_(u=1595.0, v=20.0, w=5.0) ➡️  ESB_TZX_32535_32615_(u=1675.0, v=21.0, w=5.0) ➡️  TZX_ESB_32650_32730_(u=1755.0, v=22.0, w=5.0) ➡️  ESB_ERZ_32795_32880_(u=1840.0, v=23.0, w=5.0) ➡️  ERZ_ESB_32915_33005_(u=1930.0, v=24.0, w=5.0) ➡️  ESB_ADA_33055_33115_(u=1990.0, v=25.0, w=5.0) ➡️  ADA_ESB_34360_34425_(u=2055.0, v=26.0, w=6.0) ➡️  ESB_AYT_34485_34555_(u=2125.0, v=27.0, w=6.0) ➡️  AYT_ESB_34980_35045_(u=2190.0, v=28.0, w=7.0) ➡️  ESB_TZX_35125_35205_(u=2270.0, v=29.0, w=7.0) ➡️  TZX_ESB_35240_35320_(u=2350.0, v=30.0, w=7.0) ➡️  ESB_AJI_35390_35485_(u=2445.0, v=31.0, w=7.0) ➡️  AJI_ESB_35530_35635_(u=2550.0, v=32.0, w=7.0) ➡️  ESB_GNY_35670_35745_(u=2625.0, v=33.0, w=7.0) ➡️  GNY_ESB_35780_35860_(u=2705.0, v=34.0, w=7.0) ➡️  ESB_EZS_35940_36015_(u=2780.0, v=35.0, w=7.0) ➡️  t_(u=0.0, v=0.0, w=0.0)

🛩️ Aircraft N138 path (35 nodes): s_(u=0.0, v=0.0, w=0.0) ➡️  N138_(u=0.0, v=0.0, w=1.0) ➡️  ASR_SAW_26340_26420_(u=80.0, v=1.0, w=1.0) ➡️  SAW_ESB_26580_26640_(u=140.0, v=2.0, w=1.0) ➡️  ESB_ERZ_27035_27120_(u=225.0, v=3.0, w=1.0) ➡️  ERZ_ESB_27155_27245_(u=315.0, v=4.0, w=1.0) ➡️  ESB_ERZ_28475_28560_(u=400.0, v=5.0, w=2.0) ➡️  ERZ_ESB_28595_28685_(u=490.0, v=6.0, w=2.0) ➡️  ESB_DIY_28740_28820_(u=570.0, v=7.0, w=2.0) ➡️  DIY_ESB_29190_29275_(u=655.0, v=8.0, w=3.0) ➡️  ESB_SAW_29340_29400_(u=715.0, v=9.0, w=3.0) ➡️  SAW_ESB_29460_29520_(u=775.0, v=10.0, w=3.0) ➡️  ESB_VAN_29605_29700_(u=870.0, v=11.0, w=3.0) ➡️  VAN_ESB_29790_29895_(u=975.0, v=12.0, w=3.0) ➡️  ESB_TZX_30165_30245_(u=1055.0, v=13.0, w=3.0) ➡️  TZX_ESB_30660_30740_(u=1135.0, v=14.0, w=4.0) ➡️  ESB_ERZ_30800_30885_(u=1220.0, v=15.0, w=4.0) ➡️  ERZ_ESB_30920_31010_(u=1310.0, v=16.0, w=4.0) ➡️  ESB_VAN_31045_31140_(u=1405.0, v=17.0, w=4.0) ➡️  VAN_ESB_31230_31335_(u=1510.0, v=18.0, w=4.0) ➡️  ESB_TZX_31605_31685_(u=1590.0, v=19.0, w=4.0) ➡️  TZX_ESB_32100_32180_(u=1670.0, v=20.0, w=5.0) ➡️  ESB_SAW_32220_32280_(u=1730.0, v=21.0, w=5.0) ➡️  SAW_ESB_32340_32400_(u=1790.0, v=22.0, w=5.0) ➡️  ESB_MQM_32510_32605_(u=1885.0, v=23.0, w=5.0) ➡️  MQM_ESB_32640_32735_(u=1980.0, v=24.0, w=5.0) ➡️  ESB_DIY_32800_32880_(u=2060.0, v=25.0, w=5.0) ➡️  DIY_ESB_32920_33005_(u=2145.0, v=26.0, w=5.0) ➡️  ESB_BAL_33685_33775_(u=2235.0, v=27.0, w=6.0) ➡️  BAL_ESB_33815_33910_(u=2330.0, v=28.0, w=6.0) ➡️  ESB_SAW_34155_34215_(u=2390.0, v=29.0, w=6.0) ➡️  SAW_ADA_34260_34345_(u=2475.0, v=30.0, w=6.0) ➡️  ADA_SAW_34380_34470_(u=2565.0, v=31.0, w=6.0) ➡️  SAW_VAS_34980_35060_(u=2645.0, v=32.0, w=7.0) ➡️  VAS_SAW_35095_35180_(u=2730.0, v=33.0, w=7.0) ➡️  SAW_AYT_35490_35555_(u=2795.0, v=34.0, w=7.0) ➡️  AYT_SAW_35590_35655_(u=2860.0, v=35.0, w=7.0) ➡️  t_(u=0.0, v=0.0, w=0.0)

🛩️ Aircraft N139 path (35 nodes): s_(u=0.0, v=0.0, w=0.0) ➡️  N139_(u=0.0, v=0.0, w=1.0) ➡️  ESB_VAN_26610_26705_(u=95.0, v=1.0, w=1.0) ➡️  VAN_ESB_26850_26955_(u=200.0, v=2.0, w=1.0) ➡️  ESB_GNY_27040_27115_(u=275.0, v=3.0, w=1.0) ➡️  GNY_ESB_27150_27230_(u=355.0, v=4.0, w=1.0) ➡️  ESB_SZF_27290_27350_(u=415.0, v=5.0, w=1.0) ➡️  SZF_ESB_27780_27840_(u=475.0, v=6.0, w=2.0) ➡️  ESB_ADB_28490_28570_(u=555.0, v=7.0, w=2.0) ➡️  ADB_ESB_29220_29295_(u=630.0, v=8.0, w=3.0) ➡️  ESB_KSY_29625_29720_(u=725.0, v=9.0, w=3.0) ➡️  KSY_ESB_29760_29865_(u=830.0, v=10.0, w=3.0) ➡️  ESB_ERZ_29915_30000_(u=915.0, v=11.0, w=3.0) ➡️  ERZ_ESB_30035_30125_(u=1005.0, v=12.0, w=3.0) ➡️  ESB_BAL_30805_30895_(u=1095.0, v=13.0, w=4.0) ➡️  BAL_ESB_30935_31030_(u=1190.0, v=14.0, w=4.0) ➡️  ESB_ERZ_31065_31150_(u=1275.0, v=15.0, w=4.0) ➡️  ERZ_ESB_31185_31270_(u=1360.0, v=16.0, w=4.0) ➡️  ESB_ADB_31370_31450_(u=1440.0, v=17.0, w=4.0) ➡️  ADB_ESB_31485_31560_(u=1515.0, v=18.0, w=4.0) ➡️  ESB_ERZ_32240_32325_(u=1600.0, v=19.0, w=5.0) ➡️  ERZ_ESB_32360_32450_(u=1690.0, v=20.0, w=5.0) ➡️  ESB_ADA_32820_32880_(u=1750.0, v=21.0, w=5.0) ➡️  ADA_ESB_32920_32985_(u=1815.0, v=22.0, w=5.0) ➡️  ESB_MLX_33040_33110_(u=1885.0, v=23.0, w=5.0) ➡️  MLX_ESB_33540_33615_(u=1960.0, v=24.0, w=6.0) ➡️  ESB_ADB_33680_33760_(u=2040.0, v=25.0, w=6.0) ➡️  ADB_ESB_34365_34440_(u=2115.0, v=26.0, w=6.0) ➡️  ESB_TZX_34485_34565_(u=2195.0, v=27.0, w=6.0) ➡️  TZX_ESB_34980_35055_(u=2270.0, v=28.0, w=7.0) ➡️  ESB_KSY_35110_35205_(u=2365.0, v=29.0, w=7.0) ➡️  KSY_ESB_35240_35345_(u=2470.0, v=30.0, w=7.0) ➡️  ESB_DIY_35410_35490_(u=2550.0, v=31.0, w=7.0) ➡️  DIY_ESB_35525_35615_(u=2640.0, v=32.0, w=7.0) ➡️  ESB_DIY_35680_35760_(u=2720.0, v=33.0, w=7.0) ➡️  DIY_ESB_35795_35880_(u=2805.0, v=34.0, w=7.0) ➡️  ESB_AYT_35925_35985_(u=2865.0, v=35.0, w=7.0) ➡️  t_(u=0.0, v=0.0, w=0.0)

🛩️ Aircraft N140 path (32 nodes): s_(u=0.0, v=0.0, w=0.0) ➡️  N140_(u=0.0, v=0.0, w=1.0) ➡️  ECN_ESB_26340_26405_(u=65.0, v=1.0, w=1.0) ➡️  ESB_SAW_26460_26520_(u=125.0, v=2.0, w=1.0) ➡️  SAW_ADA_27060_27145_(u=210.0, v=3.0, w=1.0) ➡️  ADA_SAW_27180_27270_(u=300.0, v=4.0, w=1.0) ➡️  SAW_AYT_27960_28025_(u=365.0, v=5.0, w=2.0) ➡️  AYT_SAW_28065_28130_(u=430.0, v=6.0, w=2.0) ➡️  SAW_ADA_28500_28585_(u=515.0, v=7.0, w=2.0) ➡️  ADA_SAW_28620_28710_(u=605.0, v=8.0, w=2.0) ➡️  SAW_ADB_29220_29280_(u=665.0, v=9.0, w=3.0) ➡️  ADB_SAW_29315_29375_(u=725.0, v=10.0, w=3.0) ➡️  SAW_VAS_29640_29720_(u=805.0, v=11.0, w=3.0) ➡️  VAS_SAW_29760_29840_(u=885.0, v=12.0, w=3.0) ➡️  SAW_ADB_29905_29965_(u=945.0, v=13.0, w=3.0) ➡️  ADB_SAW_30000_30060_(u=1005.0, v=14.0, w=3.0) ➡️  SAW_ADB_30660_30720_(u=1065.0, v=15.0, w=4.0) ➡️  ADB_SAW_30755_30815_(u=1125.0, v=16.0, w=4.0) ➡️  SAW_ESB_30900_30960_(u=1185.0, v=17.0, w=4.0) ➡️  ESB_ERC_31060_31140_(u=1265.0, v=18.0, w=4.0) ➡️  ERC_ESB_31175_31255_(u=1345.0, v=19.0, w=4.0) ➡️  ESB_ADB_31605_31685_(u=1425.0, v=20.0, w=4.0) ➡️  ADB_ESB_32100_32175_(u=1500.0, v=21.0, w=5.0) ➡️  ESB_AYT_32370_32440_(u=1570.0, v=22.0, w=5.0) ➡️  AYT_ESB_32490_32555_(u=1635.0, v=23.0, w=5.0) ➡️  ESB_SAW_32640_32700_(u=1695.0, v=24.0, w=5.0) ➡️  SAW_ESB_32745_32805_(u=1755.0, v=25.0, w=5.0) ➡️  ESB_SAW_32940_33000_(u=1815.0, v=26.0, w=5.0) ➡️  SAW_AYT_33720_33785_(u=1880.0, v=27.0, w=6.0) ➡️  AYT_SAW_33825_33890_(u=1945.0, v=28.0, w=6.0) ➡️  SAW_VAS_33960_34040_(u=2025.0, v=29.0, w=6.0) ➡️  VAS_SAW_34080_34160_(u=2105.0, v=30.0, w=6.0) ➡️  SAW_ADB_34310_34370_(u=2165.0, v=31.0, w=6.0) ➡️  ADB_ESB_35805_35880_(u=2240.0, v=32.0, w=7.0) ➡️  t_(u=0.0, v=0.0, w=0.0)


🛠️ Maintenance at node ESB_ERZ_29360_29445 by aircraft N125 | ρ=0.0; λ=0.0; φ=1.0

🛠️ Maintenance at node ESB_SAW_27900_27960 by aircraft N122 | ρ=0.0; λ=0.0; φ=1.0

🛠️ Maintenance at node ESB_GZT_30175_30245 by aircraft N126 | ρ=0.0; λ=0.0; φ=1.0

🛠️ Maintenance at node SAW_ESB_32100_32160 by aircraft N127 | ρ=0.0; λ=1.0; φ=1.0

🛠️ Maintenance at node SAW_TZX_29415_29515 by aircraft N124 | ρ=0.0; λ=0.0; φ=1.0

🛠️ Maintenance at node SAW_ESB_27780_27840 by aircraft N121 | ρ=0.0; λ=0.0; φ=1.0

🛠️ Maintenance at node ESB_SAW_28515_28575 by aircraft N123 | ρ=0.0; λ=0.0; φ=1.0
CSV Summary saved to: RESULTS/A_MTN_8/summary_667FL_20A_6_MILP.csv