INSTANCE 136FL_5A_4
PREPROCESSING : false
-----------------------INSTANCE 136FL_5A_4--------------------------
Gurobi 12.0.2 (linux64) logging started Sun Nov 30 19:16:14 2025

Set parameter LogFile to value "RESULTS_EXP/A_MTN_2/FC_MAX_DY_MIN/result_136FL_5A_4_without_prep.txt"
Set parameter LogToConsole to value 0

Gurobi 12.0.2 (linux64) logging started Sun Nov 30 19:16:16 2025

Set parameter LogFile to value "RESULTS_EXP/A_MTN_2/FC_MAX_DY_MIN/result_136FL_5A_4_without_prep.txt"
Gurobi Optimizer version 12.0.2 build v12.0.2rc0 (linux64 - "AlmaLinux 9.6 (Sage Margay)")

CPU model: Intel(R) Xeon(R) 6972P, instruction set [SSE2|AVX|AVX2|AVX512]
Thread count: 192 physical cores, 192 logical processors, using up to 8 threads

Non-default parameters:
TimeLimit  7200
LogToConsole  0
Threads  8

Optimize a model with 3211 rows, 1004 columns and 11395 nonzeros
Model fingerprint: 0x6f34ac41
Variable types: 286 continuous, 718 integer (590 binary)
Coefficient statistics:
  Matrix range     [1e+00, 5e+01]
  Objective range  [2e+02, 4e+02]
  Bounds range     [1e+00, 5e+01]
  RHS range        [1e+00, 5e+01]
Presolve removed 1292 rows and 443 columns
Presolve time: 0.03s
Presolved: 1919 rows, 561 columns, 9745 nonzeros
Variable types: 106 continuous, 455 integer (367 binary)

Root relaxation: objective 0.000000e+00, 353 iterations, 0.01 seconds (0.01 work units)

    Nodes    |    Current Node    |     Objective Bounds      |     Work
 Expl Unexpl |  Obj  Depth IntInf | Incumbent    BestBd   Gap | It/Node Time

     0     0    0.00000    0    3          -    0.00000      -     -    0s
H    0     0                    15781.000000    0.00000   100%     -    0s
H    0     0                    8833.0000000    0.00000   100%     -    0s
     0     0    0.00000    0   22 8833.00000    0.00000   100%     -    0s
     0     0    0.00000    0   21 8833.00000    0.00000   100%     -    0s
     0     0    0.00000    0    2 8833.00000    0.00000   100%     -    0s
     0     0    0.00000    0    5 8833.00000    0.00000   100%     -    0s
     0     0    0.00000    0    5 8833.00000    0.00000   100%     -    0s
     0     0    0.00000    0    5 8833.00000    0.00000   100%     -    0s
     0     0    0.00000    0    5 8833.00000    0.00000   100%     -    0s
H    0     0                    8604.0000000    0.00000   100%     -    0s
     0     0    0.00000    0    5 8604.00000    0.00000   100%     -    0s
H    0     0                    5736.0000000    0.00000   100%     -    0s
     0     0    0.00000    0    5 5736.00000    0.00000   100%     -    0s
H    0     0                    3622.0000000    0.00000   100%     -    0s
H    0     0                    3393.0000000    0.00000   100%     -    0s
     0     0    0.00000    0    5 3393.00000    0.00000   100%     -    0s
     0     0    0.00000    0    2 3393.00000    0.00000   100%     -    0s
H    0     0                    2639.0000000    0.00000   100%     -    0s
     0     0    0.00000    0   19 2639.00000    0.00000   100%     -    0s
H    0     0                    1885.0000000    0.00000   100%     -    0s
     0     0    0.00000    0   25 1885.00000    0.00000   100%     -    0s
     0     0    0.00000    0    3 1885.00000    0.00000   100%     -    0s
H    0     0                    1508.0000000    0.00000   100%     -    0s
     0     0    0.00000    0    2 1508.00000    0.00000   100%     -    0s
     0     0    0.00000    0    5 1508.00000    0.00000   100%     -    0s
     0     0    0.00000    0    7 1508.00000    0.00000   100%     -    0s
     0     0    0.00000    0    7 1508.00000    0.00000   100%     -    0s
     0     0    0.00000    0    1 1508.00000    0.00000   100%     -    0s
     0     0    0.00000    0    5 1508.00000    0.00000   100%     -    0s
     0     0    0.00000    0    8 1508.00000    0.00000   100%     -    0s
     0     0    0.00000    0   10 1508.00000    0.00000   100%     -    0s
     0     0    0.00000    0    9 1508.00000    0.00000   100%     -    0s
     0     0    0.00000    0    9 1508.00000    0.00000   100%     -    0s
     0     0    0.00000    0    2 1508.00000    0.00000   100%     -    0s
     0     0    0.00000    0   19 1508.00000    0.00000   100%     -    0s
     0     0    0.00000    0    5 1508.00000    0.00000   100%     -    0s
     0     0    0.00000    0    5 1508.00000    0.00000   100%     -    0s
     0     0    0.00000    0    8 1508.00000    0.00000   100%     -    0s
     0     0    0.00000    0    8 1508.00000    0.00000   100%     -    0s
     0     0    0.00000    0    8 1508.00000    0.00000   100%     -    0s
     0     0    0.00000    0    8 1508.00000    0.00000   100%     -    0s
     0     2    0.00000    0    8 1508.00000    0.00000   100%     -    0s
*  145   272              20    1131.0000000    0.00000   100%  15.6    0s
H  188   272                     754.0000000    0.00000   100%  15.2    0s
*  735   421              26     377.0000000    0.00000   100%  11.8    0s
 38107  1756    0.00000   44    5  377.00000    0.00000   100%  19.8    5s
 69051  2983    0.00000   56   15  377.00000    0.00000   100%  22.2   10s
 107751  3702 infeasible   55       377.00000    0.00000   100%  24.0   15s
 153966  4045    0.00000   56   10  377.00000    0.00000   100%  23.4   20s
 209230  3899 infeasible   58       377.00000    0.00000   100%  22.3   25s
 253068  3890 infeasible   48       377.00000    0.00000   100%  23.0   30s
 300474  3895    0.00000   50    4  377.00000    0.00000   100%  23.2   35s
 353465  3524    0.00000   52   12  377.00000    0.00000   100%  22.7   40s
 402059  3699    0.00000   55    6  377.00000    0.00000   100%  22.5   45s
 458271  3325 infeasible   60       377.00000    0.00000   100%  22.3   50s
 501352  3451    0.00000   54    4  377.00000    0.00000   100%  22.3   55s
 545661  3434 infeasible   57       377.00000    0.00000   100%  22.5   60s
 597877  3267    0.00000   50   12  377.00000    0.00000   100%  22.4   65s
 643832  3356    0.00000   48    4  377.00000    0.00000   100%  22.4   70s
 692544  3096    0.00000   49   11  377.00000    0.00000   100%  22.4   75s
 740792  3229    0.00000   56    1  377.00000    0.00000   100%  22.5   80s
 788979  3305 infeasible   58       377.00000    0.00000   100%  22.5   85s
 849546  3859 infeasible   52       377.00000    0.00000   100%  22.1   90s
 920570  3914 infeasible   61       377.00000    0.00000   100%  21.5   95s
 989235  3775    0.00000   60    4  377.00000    0.00000   100%  21.1  100s
 1053006  3798 infeasible   58       377.00000    0.00000   100%  20.8  105s
 1117832  4134    0.00000   60   10  377.00000    0.00000   100%  20.6  110s
 1183427  3655 infeasible   61       377.00000    0.00000   100%  20.3  115s
 1237133  3247 infeasible   60       377.00000    0.00000   100%  20.2  120s
 1301154  3474    0.00000   48   10  377.00000    0.00000   100%  20.2  125s
 1354136  3422    0.00000   51   12  377.00000    0.00000   100%  20.2  130s
 1413048  4279    0.00000   49    1  377.00000    0.00000   100%  20.2  135s
 1465918  5169    0.00000   48    1  377.00000    0.00000   100%  20.2  140s
 1518897  4717    0.00000   62    8  377.00000    0.00000   100%  20.2  145s
 1570993  4575    0.00000   46   12  377.00000    0.00000   100%  20.2  150s
 1626854  5040    0.00000   44   14  377.00000    0.00000   100%  20.2  155s
 1688391  4581 infeasible   57       377.00000    0.00000   100%  20.2  160s
 1748060  4598    0.00000   44    7  377.00000    0.00000   100%  20.1  165s
 1793270  4596 infeasible   50       377.00000    0.00000   100%  20.3  170s
 1829425  4706 infeasible   57       377.00000    0.00000   100%  20.5  175s
 1866196  4559    0.00000   57    9  377.00000    0.00000   100%  20.7  180s
 1900734  4468 infeasible   47       377.00000    0.00000   100%  20.9  185s
 1942722  4392    0.00000   49   10  377.00000    0.00000   100%  21.1  190s
 1985650  4435    0.00000   52    9  377.00000    0.00000   100%  21.2  195s
 2039349  4610 infeasible   55       377.00000    0.00000   100%  21.2  200s
 2099339  4447    0.00000   43   18  377.00000    0.00000   100%  21.2  205s
 2157659  5155    0.00000   62    4  377.00000    0.00000   100%  21.1  210s
 2209783  4931    0.00000   59    8  377.00000    0.00000   100%  21.1  215s
 2269372  4707    0.00000   51   10  377.00000    0.00000   100%  21.0  220s
 2330125  4762 infeasible   56       377.00000    0.00000   100%  21.0  225s
 2388067  4946 infeasible   62       377.00000    0.00000   100%  20.9  230s
 2452477  5282 infeasible   52       377.00000    0.00000   100%  20.8  235s
 2516081  5632 infeasible   58       377.00000    0.00000   100%  20.8  240s
 2574906  5353 infeasible   55       377.00000    0.00000   100%  20.7  245s
 2643961  5211    0.00000   57    1  377.00000    0.00000   100%  20.6  250s
 2709788  4865    0.00000   54   12  377.00000    0.00000   100%  20.6  255s
 2777382  4908    0.00000   56   14  377.00000    0.00000   100%  20.5  260s
 2842728  4913    0.00000   49   17  377.00000    0.00000   100%  20.4  265s
 2904065  4921 infeasible   56       377.00000    0.00000   100%  20.4  270s
 2975450  4603    0.00000   56    9  377.00000    0.00000   100%  20.3  275s
 3034859  4426 infeasible   56       377.00000    0.00000   100%  20.2  280s
 3094279  4570 infeasible   48       377.00000    0.00000   100%  20.2  285s
 3155027  4312 infeasible   52       377.00000    0.00000   100%  20.2  290s
 3217808  5753    0.00000   60    1  377.00000    0.00000   100%  20.2  295s
 3284174  5504 infeasible   59       377.00000    0.00000   100%  20.1  300s
 3345735  5286    0.00000   56    4  377.00000    0.00000   100%  20.1  305s
 3411134  5532 infeasible   57       377.00000    0.00000   100%  20.0  310s
 3474968  5266    0.00000   58   12  377.00000    0.00000   100%  19.9  315s
 3534952  5237 infeasible   57       377.00000    0.00000   100%  19.9  320s
 3592261  5763 infeasible   65       377.00000    0.00000   100%  19.9  325s
 3653574  5705    0.00000   60    6  377.00000    0.00000   100%  19.8  330s
 3714375  5385    0.00000   58    5  377.00000    0.00000   100%  19.8  335s
 3767068  5251 infeasible   47       377.00000    0.00000   100%  19.8  340s
 3829539  5037 infeasible   60       377.00000    0.00000   100%  19.8  345s
 3897071  4896 infeasible   55       377.00000    0.00000   100%  19.7  350s
 3954378  4851    0.00000   56   14  377.00000    0.00000   100%  19.7  355s
 4009712  4991    0.00000   59    6  377.00000    0.00000   100%  19.7  360s
 4070094  4758    0.00000   58    5  377.00000    0.00000   100%  19.7  365s
 4125552  4745    0.00000   63    1  377.00000    0.00000   100%  19.7  370s
 4185296  5020 infeasible   65       377.00000    0.00000   100%  19.6  375s
 4248184  4881 infeasible   56       377.00000    0.00000   100%  19.6  380s
 4307029  4736    0.00000   52    8  377.00000    0.00000   100%  19.6  385s
 4370122  5583    0.00000   48    4  377.00000    0.00000   100%  19.5  390s
 4430312  5243 infeasible   61       377.00000    0.00000   100%  19.5  395s
 4493024  5010 infeasible   59       377.00000    0.00000   100%  19.5  400s
 4554226  4848    0.00000   45    9  377.00000    0.00000   100%  19.5  405s
 4616137  4965    0.00000   58    4  377.00000    0.00000   100%  19.4  410s
 4676802  4881    0.00000   54   10  377.00000    0.00000   100%  19.4  415s
 4735050  4582    0.00000   57    8  377.00000    0.00000   100%  19.4  420s
 4794134  4793    0.00000   54    4  377.00000    0.00000   100%  19.4  425s
 4860309  4588    0.00000   59   10  377.00000    0.00000   100%  19.4  430s
 4923525  4841 infeasible   54       377.00000    0.00000   100%  19.3  435s
 4982172  4617 infeasible   48       377.00000    0.00000   100%  19.3  440s
 5046282  4851 infeasible   56       377.00000    0.00000   100%  19.3  445s
 5111218  4595 infeasible   58       377.00000    0.00000   100%  19.3  450s
 5172996  4561    0.00000   55    4  377.00000    0.00000   100%  19.2  455s
 5234593  4773 infeasible   63       377.00000    0.00000   100%  19.2  460s
 5298882  4527    0.00000   71    7  377.00000    0.00000   100%  19.2  465s
 5354076  4505    0.00000   59    1  377.00000    0.00000   100%  19.2  470s
 5410800  4450 infeasible   58       377.00000    0.00000   100%  19.2  475s
 5465933  4458 infeasible   50       377.00000    0.00000   100%  19.2  480s
 5522845  4299 infeasible   61       377.00000    0.00000   100%  19.2  485s
 5584726  5324 infeasible   58       377.00000    0.00000   100%  19.2  490s
 5650815  6090    0.00000   58    4  377.00000    0.00000   100%  19.2  495s
 5720708  6002    0.00000   52   10  377.00000    0.00000   100%  19.1  500s
 5782814  5966    0.00000   56    6  377.00000    0.00000   100%  19.1  505s
 5845498  5931 infeasible   59       377.00000    0.00000   100%  19.1  510s
 5914624  5896    0.00000   60    1  377.00000    0.00000   100%  19.0  515s
 5984315  5660    0.00000   53   10  377.00000    0.00000   100%  19.0  520s
 6054380  6077    0.00000   57    9  377.00000    0.00000   100%  19.0  525s
 6121741  5633 infeasible   60       377.00000    0.00000   100%  18.9  530s
 6188076  5802    0.00000   57    6  377.00000    0.00000   100%  18.9  535s
 6261399  5722 infeasible   61       377.00000    0.00000   100%  18.9  540s
 6340514  5712    0.00000   60    1  377.00000    0.00000   100%  18.8  545s
 6409898  5839    0.00000   60    4  377.00000    0.00000   100%  18.8  550s
 6486439  6019 infeasible   54       377.00000    0.00000   100%  18.7  555s
 6559259  5657 infeasible   59       377.00000    0.00000   100%  18.7  560s
 6619397  6055 infeasible   59       377.00000    0.00000   100%  18.7  565s
 6688445  5785    0.00000   50   12  377.00000    0.00000   100%  18.7  570s
 6761334  5656    0.00000   56    4  377.00000    0.00000   100%  18.6  575s
 6830066  5492 infeasible   58       377.00000    0.00000   100%  18.6  580s
 6900123  5394 infeasible   65       377.00000    0.00000   100%  18.6  585s
 6975874  5149 infeasible   58       377.00000    0.00000   100%  18.5  590s
 7042336  5069    0.00000   56    1  377.00000    0.00000   100%  18.5  595s
 7111501  4890 infeasible   63       377.00000    0.00000   100%  18.5  600s
 7182072  5177    0.00000   55    3  377.00000    0.00000   100%  18.5  605s
 7249001  4835    0.00000   59    9  377.00000    0.00000   100%  18.4  610s
 7315900  5064 infeasible   52       377.00000    0.00000   100%  18.4  615s
 7380064  5017 infeasible   53       377.00000    0.00000   100%  18.4  620s
 7443541  4758    0.00000   49    9  377.00000    0.00000   100%  18.4  625s
 7513451  4700 infeasible   52       377.00000    0.00000   100%  18.4  630s
 7577034  4918 infeasible   56       377.00000    0.00000   100%  18.4  635s
 7640283  5420 infeasible   63       377.00000    0.00000   100%  18.4  640s
 7707057  5188    0.00000   53   13  377.00000    0.00000   100%  18.4  645s
 7779751  4955 infeasible   58       377.00000    0.00000   100%  18.3  650s
 7851302  4878    0.00000   55   11  377.00000    0.00000   100%  18.3  655s
 7915102  4688 infeasible   65       377.00000    0.00000   100%  18.3  660s
 7981088  4363 infeasible   61       377.00000    0.00000   100%  18.3  665s
 8046191  4515    0.00000   57    5  377.00000    0.00000   100%  18.3  670s
 8107591  5431 infeasible   56       377.00000    0.00000   100%  18.3  675s
 8164523  6414    0.00000   48   10  377.00000    0.00000   100%  18.3  680s
 8218346  6352    0.00000   51    8  377.00000    0.00000   100%  18.3  685s
 8272463  6010    0.00000   55   13  377.00000    0.00000   100%  18.3  690s
 8326329  5931    0.00000   47   12  377.00000    0.00000   100%  18.3  695s
 8373756  5899    0.00000   54    5  377.00000    0.00000   100%  18.3  700s
 8430250  5789 infeasible   58       377.00000    0.00000   100%  18.3  705s
 8495817  5623 infeasible   53       377.00000    0.00000   100%  18.3  710s
 8554476  5463 infeasible   50       377.00000    0.00000   100%  18.3  715s
 8610983  5304 infeasible   52       377.00000    0.00000   100%  18.3  720s
 8672773  6037    0.00000   52    6  377.00000    0.00000   100%  18.3  725s
 8738261  5857    0.00000   59    5  377.00000    0.00000   100%  18.3  730s
 8798956  5679    0.00000   56   20  377.00000    0.00000   100%  18.3  735s
 8861349  5528    0.00000   60    1  377.00000    0.00000   100%  18.3  740s
 8919109  5616 infeasible   58       377.00000    0.00000   100%  18.3  745s
 8972417  5296    0.00000   51    9  377.00000    0.00000   100%  18.3  750s
 9029092  5228 infeasible   57       377.00000    0.00000   100%  18.3  755s
 9093984  5523 infeasible   54       377.00000    0.00000   100%  18.3  760s
 9146312  5428 infeasible   56       377.00000    0.00000   100%  18.3  765s
 9204628  5400 infeasible   60       377.00000    0.00000   100%  18.3  770s
 9279438  5118 infeasible   55       377.00000    0.00000   100%  18.3  775s
 9351146  5388    0.00000   55    4  377.00000    0.00000   100%  18.3  780s
 9419916  5183 infeasible   56       377.00000    0.00000   100%  18.2  785s
 9483096  5085    0.00000   46   10  377.00000    0.00000   100%  18.2  790s
 9545163  5121 infeasible   54       377.00000    0.00000   100%  18.2  795s
 9610717  4944    0.00000   55    9  377.00000    0.00000   100%  18.2  800s
 9678787  4829 infeasible   55       377.00000    0.00000   100%  18.2  805s
 9734053  4893    0.00000   52    8  377.00000    0.00000   100%  18.2  810s
 9798332  4916    0.00000   51    6  377.00000    0.00000   100%  18.2  815s
 9863118  4668    0.00000   56    5  377.00000    0.00000   100%  18.2  820s
 9928047  4899    0.00000   57   12  377.00000    0.00000   100%  18.2  825s
 9994062  4795    0.00000   53    5  377.00000    0.00000   100%  18.2  830s
 10053405  4670 infeasible   54       377.00000    0.00000   100%  18.2  835s
 10110484  4569    0.00000   48    4  377.00000    0.00000   100%  18.2  840s
 10176403  4837 infeasible   56       377.00000    0.00000   100%  18.2  845s
 10260835  5056 infeasible   58       377.00000    0.00000   100%  18.1  850s
 10333103  4646    0.00000   48    5  377.00000    0.00000   100%  18.1  855s
 10396932  4690    0.00000   52   12  377.00000    0.00000   100%  18.1  860s
 10455378  4839 infeasible   55       377.00000    0.00000   100%  18.1  865s
 10515084  4888    0.00000   59    8  377.00000    0.00000   100%  18.1  870s
 10572688  4981    0.00000   62    5  377.00000    0.00000   100%  18.1  875s
 10623801  4707 infeasible   62       377.00000    0.00000   100%  18.1  880s
 10687413  4573    0.00000   51    4  377.00000    0.00000   100%  18.1  885s
 10752896  4768    0.00000   56    4  377.00000    0.00000   100%  18.1  890s
 10820341  4358    0.00000   46   12  377.00000    0.00000   100%  18.1  895s
 10885675  4427 infeasible   63       377.00000    0.00000   100%  18.1  900s
 10950562  4477    0.00000   47    9  377.00000    0.00000   100%  18.1  905s
 11014031  4298    0.00000   61    1  377.00000    0.00000   100%  18.1  910s
 11078825  4164    0.00000   56   13  377.00000    0.00000   100%  18.1  915s
 11136823  4543 infeasible   59       377.00000    0.00000   100%  18.1  920s
 11195097  4257 infeasible   63       377.00000    0.00000   100%  18.1  925s
 11251788  4339 infeasible   53       377.00000    0.00000   100%  18.1  930s
 11314999  4716    0.00000   56    9  377.00000    0.00000   100%  18.1  935s
 11381475  4293    0.00000   54    8  377.00000    0.00000   100%  18.1  940s
 11437302  4355    0.00000   56    4  377.00000    0.00000   100%  18.1  945s
 11499215  4210    0.00000   60    7  377.00000    0.00000   100%  18.1  950s
 11554575  4660    0.00000   54    3  377.00000    0.00000   100%  18.1  955s
 11615051  4553 infeasible   56       377.00000    0.00000   100%  18.1  960s
 11677578  4160    0.00000   57    7  377.00000    0.00000   100%  18.1  965s
 11735788  4339    0.00000   52    4  377.00000    0.00000   100%  18.1  970s
 11797924  4080 infeasible   61       377.00000    0.00000   100%  18.1  975s
 11849761  4505    0.00000   54   12  377.00000    0.00000   100%  18.1  980s
 11901448  4231    0.00000   57    1  377.00000    0.00000   100%  18.2  985s
 11951146  4252    0.00000   56    9  377.00000    0.00000   100%  18.2  990s
 12011555  4240    0.00000   57    4  377.00000    0.00000   100%  18.2  995s
 12071264  4030    0.00000   56    1  377.00000    0.00000   100%  18.2 1000s
 12124149  4115 infeasible   62       377.00000    0.00000   100%  18.2 1005s
 12172113  4176 infeasible   49       377.00000    0.00000   100%  18.2 1010s
 12229056  3954    0.00000   60    1  377.00000    0.00000   100%  18.2 1015s
 12291713  4249    0.00000   57    9  377.00000    0.00000   100%  18.2 1020s
 12356272  3966    0.00000   56    1  377.00000    0.00000   100%  18.2 1025s
 12413689  3830    0.00000   58    6  377.00000    0.00000   100%  18.2 1030s
 12469263  4212    0.00000   48    4  377.00000    0.00000   100%  18.2 1035s
 12527032  4044 infeasible   63       377.00000    0.00000   100%  18.2 1040s
 12584367  4089    0.00000   57   12  377.00000    0.00000   100%  18.2 1045s
 12635311  3924    0.00000   61    1  377.00000    0.00000   100%  18.2 1050s
 12691227  4650    0.00000   49   13  377.00000    0.00000   100%  18.3 1055s
 12742940  4804    0.00000   52    1  377.00000    0.00000   100%  18.3 1060s
 12792397  4803    0.00000   53    5  377.00000    0.00000   100%  18.3 1065s
 12848498  4624    0.00000   57    7  377.00000    0.00000   100%  18.3 1070s
 12903056  4353    0.00000   61    5  377.00000    0.00000   100%  18.3 1075s
 12964285  4226    0.00000   51   13  377.00000    0.00000   100%  18.3 1080s
 13021084  4572    0.00000   56   11  377.00000    0.00000   100%  18.3 1085s
 13082479  4490    0.00000   55    5  377.00000    0.00000   100%  18.3 1090s
 13140458  4483 infeasible   60       377.00000    0.00000   100%  18.3 1095s
 13197466  4128    0.00000   51    4  377.00000    0.00000   100%  18.3 1100s
 13251622  4089 infeasible   59       377.00000    0.00000   100%  18.3 1105s
 13305714  3964    0.00000   49    8  377.00000    0.00000   100%  18.3 1110s
 13360581  4904    0.00000   54    6  377.00000    0.00000   100%  18.3 1115s
 13414736  4670 infeasible   59       377.00000    0.00000   100%  18.3 1120s
 13471156  4627 infeasible   60       377.00000    0.00000   100%  18.3 1125s
 13537187  4672    0.00000   52    9  377.00000    0.00000   100%  18.3 1130s
 13603523  4404    0.00000   47    8  377.00000    0.00000   100%  18.3 1135s
 13662133  4548    0.00000   47   11  377.00000    0.00000   100%  18.3 1140s
 13716240  4457 infeasible   57       377.00000    0.00000   100%  18.3 1145s
 13777086  4266    0.00000   61    5  377.00000    0.00000   100%  18.3 1150s
 13829612  3916    0.00000   47    3  377.00000    0.00000   100%  18.3 1155s
 13885790  3806    0.00000   52    6  377.00000    0.00000   100%  18.3 1160s
 13940061  4109 infeasible   59       377.00000    0.00000   100%  18.3 1165s
 13998143  4620    0.00000   53    4  377.00000    0.00000   100%  18.3 1170s
 14064033  4336 infeasible   62       377.00000    0.00000   100%  18.3 1175s
 14134174  4216 infeasible   60       377.00000    0.00000   100%  18.3 1180s
 14197945  4212 infeasible   57       377.00000    0.00000   100%  18.3 1185s
 14259786  4198 infeasible   60       377.00000    0.00000   100%  18.3 1190s
 14322440  3969 infeasible   60       377.00000    0.00000   100%  18.3 1195s
 14386777  4326    0.00000   55    8  377.00000    0.00000   100%  18.3 1200s
 14453803  4302 infeasible   65       377.00000    0.00000   100%  18.3 1205s
 14513817  4303 infeasible   52       377.00000    0.00000   100%  18.3 1210s
 14580156  4367    0.00000   43   16  377.00000    0.00000   100%  18.3 1215s
 14638157  3972    0.00000   55    4  377.00000    0.00000   100%  18.3 1220s
 14692437  4194    0.00000   55    1  377.00000    0.00000   100%  18.3 1225s
 14749310  4099 infeasible   58       377.00000    0.00000   100%  18.3 1230s
 14807700  3870    0.00000   48    9  377.00000    0.00000   100%  18.3 1235s
 14867585  3968 infeasible   58       377.00000    0.00000   100%  18.3 1240s
 14935212  3806    0.00000   55    6  377.00000    0.00000   100%  18.3 1245s
 14989358  4057    0.00000   47    9  377.00000    0.00000   100%  18.3 1250s
 15034962  4493    0.00000   52    4  377.00000    0.00000   100%  18.3 1255s
 15086089  4885    0.00000   58    8  377.00000    0.00000   100%  18.3 1260s
 15140138  4552    0.00000   53    5  377.00000    0.00000   100%  18.4 1265s
 15192164  4342 infeasible   52       377.00000    0.00000   100%  18.4 1270s
 15244186  4218    0.00000   46    7  377.00000    0.00000   100%  18.4 1275s
 15294643  4182 infeasible   51       377.00000    0.00000   100%  18.4 1280s
 15343345  4325    0.00000   55    8  377.00000    0.00000   100%  18.4 1285s
 15395856  3953 infeasible   58       377.00000    0.00000   100%  18.4 1290s
 15450556  4025    0.00000   51   10  377.00000    0.00000   100%  18.4 1295s
 15506421  3821    0.00000   45    4  377.00000    0.00000   100%  18.4 1300s
 15563997  3884    0.00000   54    3  377.00000    0.00000   100%  18.4 1305s
 15615114  4332 infeasible   53       377.00000    0.00000   100%  18.5 1310s
 15673269  4368 infeasible   60       377.00000    0.00000   100%  18.5 1315s
 15730990  4225    0.00000   58    9  377.00000    0.00000   100%  18.5 1320s
 15794729  4093    0.00000   62   14  377.00000    0.00000   100%  18.5 1325s
 15859566  3783    0.00000   56   12  377.00000    0.00000   100%  18.5 1330s
 15914849  3736    0.00000   49    4  377.00000    0.00000   100%  18.5 1335s
 15974041  4064 infeasible   51       377.00000    0.00000   100%  18.5 1340s
 16036167  4269 infeasible   50       377.00000    0.00000   100%  18.5 1345s
 16100508  3848 infeasible   53       377.00000    0.00000   100%  18.5 1350s
 16163642  3799 infeasible   50       377.00000    0.00000   100%  18.5 1355s
 16234030  3968    0.00000   55   10  377.00000    0.00000   100%  18.5 1360s
 16310847  3702 infeasible   58       377.00000    0.00000   100%  18.5 1365s
 16373331  3993    0.00000   55    3  377.00000    0.00000   100%  18.5 1370s
 16444049  3858 infeasible   54       377.00000    0.00000   100%  18.5 1375s
 16510953  3871 infeasible   52       377.00000    0.00000   100%  18.5 1380s
 16576006  3938    0.00000   53    1  377.00000    0.00000   100%  18.5 1385s
 16640363  3655    0.00000   54   10  377.00000    0.00000   100%  18.5 1390s
 16705758  4444 infeasible   54       377.00000    0.00000   100%  18.5 1395s
 16783767  4055    0.00000   52    4  377.00000    0.00000   100%  18.5 1400s
 16857961  3802    0.00000   56   12  377.00000    0.00000   100%  18.4 1405s
 16916250  3540 infeasible   50       377.00000    0.00000   100%  18.5 1410s
 16987380  4099    0.00000   50   12  377.00000    0.00000   100%  18.4 1415s
 17059921  3747 infeasible   67       377.00000    0.00000   100%  18.4 1420s
 17138864  3968    0.00000   47   12  377.00000    0.00000   100%  18.4 1425s
 17213004  3500 infeasible   48       377.00000    0.00000   100%  18.4 1430s
 17277576  3944 infeasible   59       377.00000    0.00000   100%  18.4 1435s
 17346613  4009 infeasible   64       377.00000    0.00000   100%  18.4 1440s
 17420894  3641    0.00000   52   11  377.00000    0.00000   100%  18.4 1445s
 17482110  3500 infeasible   54       377.00000    0.00000   100%  18.4 1450s
 17542176  4382    0.00000   50    8  377.00000    0.00000   100%  18.4 1455s
 17601035  4224    0.00000   53    4  377.00000    0.00000   100%  18.4 1460s
 17663371  4054 infeasible   57       377.00000    0.00000   100%  18.4 1465s
 17720934  4701    0.00000   58   17  377.00000    0.00000   100%  18.4 1470s
 17782493  4383    0.00000   57    4  377.00000    0.00000   100%  18.4 1475s
 17846084  3985 infeasible   55       377.00000    0.00000   100%  18.4 1480s
 17903831  4033    0.00000   50    8  377.00000    0.00000   100%  18.4 1485s
 17961847  3722 infeasible   55       377.00000    0.00000   100%  18.4 1490s
 18020585  3693    0.00000   51    6  377.00000    0.00000   100%  18.4 1495s
 18081840  3486 infeasible   63       377.00000    0.00000   100%  18.4 1500s
 18149569  4227 infeasible   52       377.00000    0.00000   100%  18.4 1505s
 18218324  4471 infeasible   54       377.00000    0.00000   100%  18.4 1510s
 18291139  4121    0.00000   51   13  377.00000    0.00000   100%  18.4 1515s
 18362115  3882    0.00000   55    1  377.00000    0.00000   100%  18.4 1520s
 18433445  4516    0.00000   52   12  377.00000    0.00000   100%  18.4 1525s
 18506053  4155 infeasible   58       377.00000    0.00000   100%  18.4 1530s
 18574359  3868 infeasible   56       377.00000    0.00000   100%  18.4 1535s
 18646953  3933    0.00000   52    8  377.00000    0.00000   100%  18.4 1540s
 18718591  3377    0.00000   56    4  377.00000    0.00000   100%  18.4 1545s
 18770478  3576 infeasible   49       377.00000    0.00000   100%  18.4 1550s
 18827565  3562 infeasible   59       377.00000    0.00000   100%  18.4 1555s
 18894571  3705 infeasible   53       377.00000    0.00000   100%  18.4 1560s
 18967312  3637    0.00000   48    6  377.00000    0.00000   100%  18.4 1565s
 19030368  3499    0.00000   54   12  377.00000    0.00000   100%  18.4 1570s
 19090521  3613 infeasible   56       377.00000    0.00000   100%  18.4 1575s
 19145166  3272 infeasible   57       377.00000    0.00000   100%  18.4 1580s
 19210264  3482    0.00000   51    8  377.00000    0.00000   100%  18.4 1585s
 19270303  3295    0.00000   55    4  377.00000    0.00000   100%  18.4 1590s
 19322642  3305 infeasible   59       377.00000    0.00000   100%  18.5 1595s
 19381053  3412 infeasible   55       377.00000    0.00000   100%  18.5 1600s
 19450982  3604    0.00000   57    4  377.00000    0.00000   100%  18.5 1605s
 19514155  3697 infeasible   55       377.00000    0.00000   100%  18.5 1610s
 19581864  3393    0.00000   51    4  377.00000    0.00000   100%  18.5 1615s
 19643506  3807    0.00000   51   12  377.00000    0.00000   100%  18.5 1620s
 19704418  3600 infeasible   53       377.00000    0.00000   100%  18.5 1625s
 19758690  3310    0.00000   52    9  377.00000    0.00000   100%  18.5 1630s
 19813052  3579 infeasible   56       377.00000    0.00000   100%  18.5 1635s
 19882686  3468    0.00000   50    1  377.00000    0.00000   100%  18.5 1640s
 19945409  3407    0.00000   53    8  377.00000    0.00000   100%  18.5 1645s
 20010219  3358    0.00000   60    8  377.00000    0.00000   100%  18.5 1650s
 20078927  3295 infeasible   54       377.00000    0.00000   100%  18.5 1655s
 20137722  3158    0.00000   60    1  377.00000    0.00000   100%  18.5 1660s
 20193652  3519 infeasible   57       377.00000    0.00000   100%  18.5 1665s
 20246602  3749 infeasible   56       377.00000    0.00000   100%  18.5 1670s
 20300905  3782 infeasible   57       377.00000    0.00000   100%  18.5 1675s
 20369557  4764    0.00000   60    1  377.00000    0.00000   100%  18.5 1680s
 20428672  4346 infeasible   63       377.00000    0.00000   100%  18.5 1685s
 20490400  4278 infeasible   55       377.00000    0.00000   100%  18.5 1690s
 20553678  4097    0.00000   48   16  377.00000    0.00000   100%  18.5 1695s
 20619979  3865    0.00000   51   13  377.00000    0.00000   100%  18.5 1700s
 20689172  3740    0.00000   55   10  377.00000    0.00000   100%  18.5 1705s
 20755048  3496 infeasible   58       377.00000    0.00000   100%  18.5 1710s
 20813287  3733 infeasible   55       377.00000    0.00000   100%  18.5 1715s
 20878582  3429    0.00000   55    4  377.00000    0.00000   100%  18.5 1720s
 20935416  3311 infeasible   60       377.00000    0.00000   100%  18.5 1725s
 20989240  3702 infeasible   49       377.00000    0.00000   100%  18.6 1730s
 21044492  3922    0.00000   51    4  377.00000    0.00000   100%  18.6 1735s
 21106022  3640    0.00000   54   13  377.00000    0.00000   100%  18.6 1740s
 21156619  3911 infeasible   63       377.00000    0.00000   100%  18.6 1745s
 21203935  3698    0.00000   48   16  377.00000    0.00000   100%  18.6 1750s
 21269838  3782    0.00000   57    1  377.00000    0.00000   100%  18.6 1755s
 21324955  3844 infeasible   58       377.00000    0.00000   100%  18.6 1760s
 21379814  3635    0.00000   53   12  377.00000    0.00000   100%  18.6 1765s
 21435477  3536    0.00000   58    3  377.00000    0.00000   100%  18.6 1770s
 21497292  3532    0.00000   56    6  377.00000    0.00000   100%  18.6 1775s
 21556791  3848    0.00000   58    4  377.00000    0.00000   100%  18.6 1780s
 21622656  4093    0.00000   59   11  377.00000    0.00000   100%  18.6 1785s
 21689708  4063 infeasible   62       377.00000    0.00000   100%  18.6 1790s
 21755300  3832 infeasible   55       377.00000    0.00000   100%  18.6 1795s
 21812793  3444    0.00000   48    4  377.00000    0.00000   100%  18.6 1800s
 21869824  3517 infeasible   58       377.00000    0.00000   100%  18.6 1805s
 21930163  3381 infeasible   56       377.00000    0.00000   100%  18.6 1810s
 21988677  3513 infeasible   58       377.00000    0.00000   100%  18.6 1815s
 22050763  3225 infeasible   59       377.00000    0.00000   100%  18.6 1820s
 22103747  3632 infeasible   57       377.00000    0.00000   100%  18.7 1825s
 22161112  3623    0.00000   57    7  377.00000    0.00000   100%  18.7 1830s
 22215761  3328    0.00000   56   26  377.00000    0.00000   100%  18.7 1835s
 22270230  3442    0.00000   63   16  377.00000    0.00000   100%  18.7 1840s
 22320687  3217 infeasible   56       377.00000    0.00000   100%  18.7 1845s
 22378719  3500 infeasible   59       377.00000    0.00000   100%  18.7 1850s
 22438534  3457 infeasible   64       377.00000    0.00000   100%  18.7 1855s
 22506479  3558    0.00000   57    4  377.00000    0.00000   100%  18.7 1860s
 22571658  3403 infeasible   59       377.00000    0.00000   100%  18.7 1865s
 22624913  3627    0.00000   62    4  377.00000    0.00000   100%  18.7 1870s
 22679578  3399 infeasible   63       377.00000    0.00000   100%  18.7 1875s
 22736611  3474    0.00000   64    4  377.00000    0.00000   100%  18.7 1880s
 22801486  3126 infeasible   58       377.00000    0.00000   100%  18.7 1885s
 22863261  3416    0.00000   57    7  377.00000    0.00000   100%  18.7 1890s
 22923345  3553 infeasible   58       377.00000    0.00000   100%  18.7 1895s
 22992791  3599    0.00000   53   10  377.00000    0.00000   100%  18.7 1900s
 23065572  3380 infeasible   60       377.00000    0.00000   100%  18.7 1905s
 23123010  3124    0.00000   60    1  377.00000    0.00000   100%  18.7 1910s
 23188465  3195 infeasible   48       377.00000    0.00000   100%  18.7 1915s
 23253847  3496 infeasible   52       377.00000    0.00000   100%  18.7 1920s
 23320493  3134    0.00000   60    7  377.00000    0.00000   100%  18.7 1925s
 23393101  3284    0.00000   58    3  377.00000    0.00000   100%  18.7 1930s
 23460535  3220    0.00000   57   11  377.00000    0.00000   100%  18.7 1935s
 23525292  3475    0.00000   56    8  377.00000    0.00000   100%  18.7 1940s
 23589021  3179    0.00000   57    9  377.00000    0.00000   100%  18.7 1945s
 23645370  2938    0.00000   49    8  377.00000    0.00000   100%  18.7 1950s
 23705402  4821    0.00000   55   12  377.00000    0.00000   100%  18.7 1955s
 23764493  4543    0.00000   60   10  377.00000    0.00000   100%  18.7 1960s
 23823720  4388    0.00000   53    8  377.00000    0.00000   100%  18.7 1965s
 23883498  4291    0.00000   40    8  377.00000    0.00000   100%  18.7 1970s
 23941002  4103 infeasible   58       377.00000    0.00000   100%  18.7 1975s
 24001161  4192 infeasible   59       377.00000    0.00000   100%  18.7 1980s
 24061476  4242    0.00000   52   12  377.00000    0.00000   100%  18.7 1985s
 24125621  4269 infeasible   56       377.00000    0.00000   100%  18.7 1990s
 24190750  4140 infeasible   61       377.00000    0.00000   100%  18.7 1995s
 24247739  4297 infeasible   52       377.00000    0.00000   100%  18.7 2000s
 24311696  4565    0.00000   57    4  377.00000    0.00000   100%  18.7 2005s
 24367066  4326    0.00000   61    9  377.00000    0.00000   100%  18.7 2010s
 24428047  4336    0.00000   59    8  377.00000    0.00000   100%  18.7 2015s
 24489759  4278    0.00000   50    8  377.00000    0.00000   100%  18.7 2020s
 24544523  4264 infeasible   60       377.00000    0.00000   100%  18.8 2025s
 24601554  4107    0.00000   58    4  377.00000    0.00000   100%  18.8 2030s
 24657047  4179    0.00000   49    8  377.00000    0.00000   100%  18.8 2035s
 24717170  4906    0.00000   58    3  377.00000    0.00000   100%  18.8 2040s
 24783724  4694    0.00000   52    8  377.00000    0.00000   100%  18.8 2045s
 24849879  4657    0.00000   59    1  377.00000    0.00000   100%  18.8 2050s
 24912275  4790    0.00000   55    4  377.00000    0.00000   100%  18.8 2055s
 24973338  5009 infeasible   55       377.00000    0.00000   100%  18.8 2060s
 25034238  4538    0.00000   58   10  377.00000    0.00000   100%  18.8 2065s
 25082861  4494 infeasible   56       377.00000    0.00000   100%  18.8 2070s
 25137490  4461    0.00000   50    5  377.00000    0.00000   100%  18.8 2075s
 25196055  4236    0.00000   48   10  377.00000    0.00000   100%  18.8 2080s
 25257071  4264    0.00000   60    1  377.00000    0.00000   100%  18.8 2085s
 25321048  4589 infeasible   59       377.00000    0.00000   100%  18.8 2090s
 25392653  4306    0.00000   53    8  377.00000    0.00000   100%  18.8 2095s
 25458455  4422    0.00000   59   15  377.00000    0.00000   100%  18.8 2100s
 25528878  4193    0.00000   56   15  377.00000    0.00000   100%  18.8 2105s
 25597700  4390 infeasible   60       377.00000    0.00000   100%  18.8 2110s
 25664217  4103    0.00000   52    9  377.00000    0.00000   100%  18.8 2115s
 25731666  4569    0.00000   54   17  377.00000    0.00000   100%  18.8 2120s
 25802260  4194    0.00000   56    9  377.00000    0.00000   100%  18.8 2125s
 25870064  4339 infeasible   63       377.00000    0.00000   100%  18.8 2130s
 25939018  4093    0.00000   58    4  377.00000    0.00000   100%  18.8 2135s
 26004224  4031 infeasible   61       377.00000    0.00000   100%  18.8 2140s
 26071321  3935 infeasible   60       377.00000    0.00000   100%  18.8 2145s
 26134042  4419    0.00000   44    8  377.00000    0.00000   100%  18.8 2150s
 26195595  3886    0.00000   58    4  377.00000    0.00000   100%  18.8 2155s
 26257940  5423    0.00000   56    9  377.00000    0.00000   100%  18.8 2160s
 26319399  5233    0.00000   57    9  377.00000    0.00000   100%  18.8 2165s
 26378251  5139    0.00000   58    8  377.00000    0.00000   100%  18.8 2170s
 26441734  5005    0.00000   61    1  377.00000    0.00000   100%  18.8 2175s
 26504170  4774    0.00000   54    1  377.00000    0.00000   100%  18.8 2180s
 26575122  4675    0.00000   41   13  377.00000    0.00000   100%  18.8 2185s
 26634980  4531    0.00000   53   14  377.00000    0.00000   100%  18.8 2190s
 26697406  4419    0.00000   51    5  377.00000    0.00000   100%  18.8 2195s
 26763976  4510 infeasible   55       377.00000    0.00000   100%  18.8 2200s
 26832401  4500 infeasible   55       377.00000    0.00000   100%  18.8 2205s
 26897642  4222    0.00000   55    4  377.00000    0.00000   100%  18.8 2210s
 26963103  4462 infeasible   53       377.00000    0.00000   100%  18.8 2215s
 27029818  4334    0.00000   52    6  377.00000    0.00000   100%  18.8 2220s
 27091182  3862 infeasible   59       377.00000    0.00000   100%  18.8 2225s
 27166375  4584    0.00000   59    4  377.00000    0.00000   100%  18.8 2230s
 27236942  4313 infeasible   64       377.00000    0.00000   100%  18.8 2235s
 27311585  4394 infeasible   51       377.00000    0.00000   100%  18.8 2240s
 27377815  4220    0.00000   54    4  377.00000    0.00000   100%  18.8 2245s
 27446697  4023    0.00000   59   14  377.00000    0.00000   100%  18.8 2250s
 27511155  4154 infeasible   59       377.00000    0.00000   100%  18.8 2255s
 27575145  4186 infeasible   58       377.00000    0.00000   100%  18.8 2260s
 27633838  4014    0.00000   52    1  377.00000    0.00000   100%  18.8 2265s
 27703997  4535    0.00000   62    8  377.00000    0.00000   100%  18.8 2270s
 27768949  4616 infeasible   60       377.00000    0.00000   100%  18.8 2275s
 27839946  4475 infeasible   57       377.00000    0.00000   100%  18.8 2280s
 27906855  4267    0.00000   48    4  377.00000    0.00000   100%  18.8 2285s
 27978697  3990 infeasible   62       377.00000    0.00000   100%  18.8 2290s
 28045051  3873 infeasible   62       377.00000    0.00000   100%  18.8 2295s
 28101111  4760 infeasible   48       377.00000    0.00000   100%  18.8 2300s
 28159607  4552 infeasible   58       377.00000    0.00000   100%  18.8 2305s
 28217441  4432    0.00000   58    4  377.00000    0.00000   100%  18.8 2310s
 28282971  4337 infeasible   53       377.00000    0.00000   100%  18.8 2315s
 28337725  4398    0.00000   46   13  377.00000    0.00000   100%  18.8 2320s
 28395183  4216 infeasible   51       377.00000    0.00000   100%  18.8 2325s
 28452786  3999    0.00000   51    8  377.00000    0.00000   100%  18.8 2330s
 28511139  4107    0.00000   52    7  377.00000    0.00000   100%  18.8 2335s
 28571951  3787    0.00000   54    1  377.00000    0.00000   100%  18.8 2340s
 28638509  3854 infeasible   52       377.00000    0.00000   100%  18.8 2345s
 28712340  3352 infeasible   60       377.00000    0.00000   100%  18.8 2350s
 28774038  4444 infeasible   57       377.00000    0.00000   100%  18.8 2355s
 28847488  4235    0.00000   46   10  377.00000    0.00000   100%  18.8 2360s
 28906541  3913 infeasible   50       377.00000    0.00000   100%  18.8 2365s
 28976598  3522 infeasible   54       377.00000    0.00000   100%  18.8 2370s
 29039413  3420 infeasible   53       377.00000    0.00000   100%  18.8 2375s
 29106432  4344    0.00000   55   13  377.00000    0.00000   100%  18.8 2380s
 29181260  4557 infeasible   48       377.00000    0.00000   100%  18.8 2385s
 29250900  4157    0.00000   50    7  377.00000    0.00000   100%  18.8 2390s
 29317991  4461 infeasible   63       377.00000    0.00000   100%  18.8 2395s
 29374067  4286 infeasible   57       377.00000    0.00000   100%  18.8 2400s
 29440860  4057 infeasible   64       377.00000    0.00000   100%  18.8 2405s
 29507013  4044    0.00000   55    1  377.00000    0.00000   100%  18.8 2410s
 29568782  4226    0.00000   45   26  377.00000    0.00000   100%  18.8 2415s
 29631843  3957    0.00000   58    1  377.00000    0.00000   100%  18.8 2420s
 29691416  4010 infeasible   56       377.00000    0.00000   100%  18.9 2425s
 29749893  3840    0.00000   52    5  377.00000    0.00000   100%  18.9 2430s
 29816792  4069    0.00000   51   14  377.00000    0.00000   100%  18.9 2435s
 29875867  3791 infeasible   59       377.00000    0.00000   100%  18.9 2440s
 29949457  3573    0.00000   57    4  377.00000    0.00000   100%  18.9 2445s
 30021178  3426    0.00000   58    4  377.00000    0.00000   100%  18.8 2450s
 30086666  4321    0.00000   58    6  377.00000    0.00000   100%  18.8 2455s
 30144287  4949    0.00000   57   12  377.00000    0.00000   100%  18.9 2460s
 30207802  4645 infeasible   57       377.00000    0.00000   100%  18.9 2465s
 30269775  4337 infeasible   59       377.00000    0.00000   100%  18.9 2470s
 30338351  4216 infeasible   55       377.00000    0.00000   100%  18.9 2475s
 30400497  4092    0.00000   60    8  377.00000    0.00000   100%  18.9 2480s
 30469303  4055    0.00000   53   12  377.00000    0.00000   100%  18.9 2485s
 30533828  3983 infeasible   59       377.00000    0.00000   100%  18.9 2490s
 30589731  4213 infeasible   64       377.00000    0.00000   100%  18.9 2495s
 30652959  3980 infeasible   57       377.00000    0.00000   100%  18.9 2500s
 30716430  3928    0.00000   47    9  377.00000    0.00000   100%  18.9 2505s
 30785105  3873 infeasible   64       377.00000    0.00000   100%  18.9 2510s
 30838746  4074 infeasible   56       377.00000    0.00000   100%  18.9 2515s
 30892017  3784 infeasible   52       377.00000    0.00000   100%  18.9 2520s
 30950747  3758 infeasible   53       377.00000    0.00000   100%  18.9 2525s
 31016903  4013 infeasible   55       377.00000    0.00000   100%  18.9 2530s
 31091850  3943    0.00000   57   12  377.00000    0.00000   100%  18.9 2535s
 31162449  3744    0.00000   48   11  377.00000    0.00000   100%  18.9 2540s
 31230517  4142 infeasible   56       377.00000    0.00000   100%  18.9 2545s
 31297027  3698 infeasible   58       377.00000    0.00000   100%  18.9 2550s
 31361736  3711    0.00000   52    9  377.00000    0.00000   100%  18.9 2555s
 31433806  4067    0.00000   57    1  377.00000    0.00000   100%  18.9 2560s
 31509548  3814    0.00000   64    4  377.00000    0.00000   100%  18.9 2565s
 31583510  3603 infeasible   58       377.00000    0.00000   100%  18.9 2570s
 31644756  3474    0.00000   58   11  377.00000    0.00000   100%  18.9 2575s
 31698805  3728    0.00000   57    1  377.00000    0.00000   100%  18.9 2580s
 31768857  3637    0.00000   49   11  377.00000    0.00000   100%  18.9 2585s
 31833145  3412 infeasible   52       377.00000    0.00000   100%  18.9 2590s
 31894876  1203 infeasible   58       377.00000    0.00000   100%  18.9 2595s

Cutting planes:
  Learned: 5
  Cover: 2
  Implied bound: 6
  Projected implied bound: 1
  MIR: 5
  Flow cover: 26
  RLT: 2
  Relax-and-lift: 1

Explored 31909536 nodes (602204952 simplex iterations) in 2595.99 seconds (4509.29 work units)
Thread count was 8 (of 192 available processors)

Solution count 10: 377 754 1131 ... 8604

Optimal solution found (tolerance 1.00e-04)
Best objective 3.770000000000e+02, best bound 3.770000000000e+02, gap 0.0000%

User-callback calls 65708454, time in user-callback 8.13 sec

AVANT CALCUL DES AUTRES INDICATEURS
Obj_rho = 0
Obj_lambda = 1
Obj_phi = 0
AVANT CALCUL DES AUTRES INDICATEURS
Obj_rho = -418
Obj_lambda = 1
Obj_phi = 0
✅ Solution trouvée (status: OPTIMAL)
🎯 Objective global: 377.0
⏱️ Time used: 2595.99
Nombre de vols satisfaits: 136
Nombre de vols non satisfaits: 0

✈️ Paths for each aircraft:

🛩️ Aircraft N607AS path (30 nodes): s_(u=0, v=0, w=0) ➡️  N607AS_(u=0, v=0, w=1) ➡️  ANC_SEA_162_428_(u=174, v=1, w=1) ➡️  SEA_LAX_528_675_(u=295, v=2, w=1) ➡️  LAX_SEA_743_917_(u=443, v=3, w=1) ➡️  SEA_SFO_990_1113_(u=546, v=4, w=1) ➡️  SFO_SEA_1177_1307_(u=645, v=5, w=1) ➡️  SEA_ORD_1795_2159_(u=855, v=6, w=2) ➡️  ORD_PDX_2215_2349_(u=1090, v=7, w=2) ➡️  PDX_ONT_2434_2569_(u=1212, v=8, w=2) ➡️  ONT_PDX_2628_2754_(u=1323, v=9, w=2) ➡️  PDX_SEA_3178_3252_(u=1359, v=10, w=3) ➡️  SEA_LAS_3342_3511_(u=1487, v=11, w=3) ➡️  LAS_SEA_3563_3728_(u=1622, v=12, w=3) ➡️  SEA_ATL_3841_4313_(u=1886, v=13, w=3) ➡️  ATL_SEA_4752_4910_(u=2173, v=14, w=4) ➡️  SEA_RDM_4991_5054_(u=2211, v=15, w=4) ➡️  RDM_SEA_5133_5199_(u=2259, v=16, w=4) ➡️  SEA_ANC_5295_5444_(u=2448, v=17, w=4) ➡️  ANC_SEA_5503_5765_(u=2629, v=18, w=4) ➡️  SEA_LAS_6225_6362_(u=2740, v=19, w=5) ➡️  LAS_SEA_6427_6598_(u=2886, v=20, w=5) ➡️  SEA_PHX_6669_6910_(u=3019, v=21, w=5) ➡️  PHX_SEA_6965_7117_(u=3198, v=22, w=5) ➡️  SEA_DFW_7182_7527_(u=3395, v=23, w=5) ➡️  DFW_SEA_7641_7776_(u=3621, v=24, w=6) ➡️  SEA_DFW_7967_8313_(u=3819, v=25, w=6) ➡️  DFW_SEA_8423_8562_(u=4051, v=26, w=6) ➡️  SEA_PHX_9068_9279_(u=4184, v=27, w=7) ➡️  PHX_SEA_9344_9480_(u=4353, v=28, w=7) ➡️  SEA_PHX_9550_9765_(u=4489, v=29, w=7) ➡️  PHX_SEA_9831_9982_(u=4672, v=30, w=7) ➡️  t_(u=0, v=0, w=0)

🛩️ Aircraft N585AS path (28 nodes): s_(u=0, v=0, w=0) ➡️  N585AS_(u=3459, v=29, w=6) ➡️  ANC_SEA_137_389_(u=3632, v=30, w=6) ➡️  SEA_ANC_479_633_(u=3825, v=31, w=6) ➡️  ANC_SEA_715_980_(u=4006, v=32, w=6) ➡️  SEA_BUR_1045_1181_(u=4124, v=33, w=6) ➡️  BUR_SEA_1268_1435_(u=4262, v=34, w=6) ➡️  SEA_SLC_1846_2021_(u=4358, v=35, w=7) ➡️  SLC_SEA_2122_2206_(u=4459, v=36, w=7) ➡️  SEA_SBA_2265_2429_(u=4590, v=37, w=7) ➡️  SBA_SEA_2482_2633_(u=4706, v=38, w=7) ➡️  SEA_ANC_2874_3028_(u=4899, v=39, w=7) ➡️  ANC_SEA_3168_3438_(u=5081, v=40, w=8) ➡️  SEA_IAD_3504_3971_(u=5346, v=41, w=8) ➡️  IAD_SEA_4030_4189_(u=5655, v=42, w=8) ➡️  SEA_SMF_4248_4369_(u=5736, v=43, w=8) ➡️  SMF_SEA_4703_4832_(u=5835, v=44, w=9) ➡️  SEA_PIT_4922_5383_(u=6079, v=45, w=9) ➡️  PIT_SEA_5447_5576_(u=6367, v=46, w=9) ➡️  SEA_MSP_6233_6559_(u=6538, v=47, w=10) ➡️  MSP_SEA_6615_6760_(u=6736, v=48, w=10) ➡️  SEA_SNA_6813_6972_(u=6863, v=49, w=10) ➡️  SNA_SEA_7009_7192_(u=7017, v=50, w=10) ➡️  SEA_LIH_7702_8038_(u=332, v=1, w=1) ➡️  LIH_SEA_8108_8604_(u=672, v=2, w=1) ➡️  SEA_SFO_8995_9134_(u=760, v=3, w=2) ➡️  SFO_JAC_9215_9444_(u=909, v=4, w=2) ➡️  JAC_SFO_9493_9582_(u=1021, v=5, w=2) ➡️  SFO_PDX_9628_9744_(u=1117, v=6, w=2) ➡️  PDX_SFO_9826_9943_(u=1192, v=7, w=2) ➡️  t_(u=0, v=0, w=0)

🛩️ Aircraft N317AS path (23 nodes): s_(u=0, v=0, w=0) ➡️  N317AS_(u=0, v=0, w=1) ➡️  FAI_SEA_201_455_(u=177, v=1, w=1) ➡️  SEA_ANC_582_739_(u=371, v=2, w=1) ➡️  ANC_SEA_1660_1931_(u=562, v=3, w=2) ➡️  SEA_ANC_2030_2168_(u=738, v=4, w=2) ➡️  ANC_CDV_2249_2310_(u=775, v=5, w=2) ➡️  CDV_YAK_2357_2404_(u=813, v=6, w=2) ➡️  YAK_JNU_2447_2500_(u=847, v=7, w=2) ➡️  JNU_SEA_2569_2776_(u=964, v=8, w=2) ➡️  SEA_ANC_3375_3530_(u=1155, v=9, w=3) ➡️  ANC_SEA_3593_3853_(u=1338, v=10, w=3) ➡️  SEA_ONT_3941_4070_(u=1448, v=11, w=3) ➡️  ONT_SEA_4675_4856_(u=1604, v=12, w=4) ➡️  SEA_DCA_4891_5368_(u=1875, v=13, w=4) ➡️  DCA_SEA_5437_5593_(u=2190, v=14, w=4) ➡️  SEA_LIH_6321_6593_(u=2551, v=15, w=5) ➡️  LIH_SEA_6647_7117_(u=2867, v=16, w=5) ➡️  SEA_PHX_8018_8241_(u=3005, v=17, w=6) ➡️  PHX_ANC_8336_8626_(u=3382, v=18, w=6) ➡️  ANC_SEA_8684_8926_(u=3540, v=19, w=7) ➡️  SEA_SNA_9008_9175_(u=3651, v=20, w=7) ➡️  SNA_SEA_9239_9448_(u=3836, v=21, w=7) ➡️  SEA_BUR_9508_9638_(u=3943, v=22, w=7) ➡️  BUR_SEA_9709_9913_(u=4105, v=23, w=7) ➡️  t_(u=0, v=0, w=0)

🛩️ Aircraft N587AS path (32 nodes): s_(u=0, v=0, w=0) ➡️  N587AS_(u=2500, v=21, w=5) ➡️  JNU_SEA_310_514_(u=2616, v=22, w=5) ➡️  SEA_PIT_580_1048_(u=2874, v=23, w=5) ➡️  PIT_SEA_1104_1236_(u=3148, v=24, w=5) ➡️  SEA_SJC_1855_1984_(u=3258, v=25, w=6) ➡️  SJC_SEA_2047_2171_(u=3355, v=26, w=6) ➡️  SEA_SJC_2247_2382_(u=3472, v=27, w=6) ➡️  SJC_SEA_2432_2554_(u=3567, v=28, w=6) ➡️  SEA_PDX_2732_2790_(u=3596, v=29, w=6) ➡️  PDX_ANC_2866_3034_(u=3799, v=30, w=6) ➡️  ANC_SEA_3102_3363_(u=3973, v=31, w=7) ➡️  SEA_ANC_3462_3616_(u=4161, v=32, w=7) ➡️  ANC_JNU_4064_4188_(u=4254, v=33, w=7) ➡️  JNU_SIT_4227_4276_(u=4277, v=34, w=7) ➡️  SIT_JNU_4672_4708_(u=4300, v=35, w=8) ➡️  JNU_ANC_4773_4879_(u=4388, v=36, w=8) ➡️  ANC_BET_4949_5073_(u=4445, v=37, w=8) ➡️  BET_ANC_5111_5186_(u=4506, v=38, w=8) ➡️  ANC_JNU_6410_6511_(u=4589, v=39, w=9) ➡️  JNU_PSG_6558_6607_(u=4619, v=40, w=9) ➡️  PSG_WRG_6650_6684_(u=4635, v=41, w=9) ➡️  WRG_KTN_6726_6760_(u=4657, v=42, w=9) ➡️  KTN_SEA_6808_6973_(u=4747, v=43, w=9) ➡️  SEA_SNA_7578_7729_(u=4872, v=44, w=10) ➡️  SNA_SEA_7783_7960_(u=5032, v=45, w=10) ➡️  SEA_OAK_8006_8114_(u=5124, v=46, w=10) ➡️  OAK_SEA_8157_8285_(u=5223, v=47, w=10) ➡️  SEA_SMF_8335_8455_(u=5298, v=48, w=10) ➡️  SMF_SEA_8490_8613_(u=5401, v=49, w=10) ➡️  SEA_MSP_9120_9435_(u=175, v=1, w=1) ➡️  MSP_SEA_9512_9628_(u=365, v=2, w=1) ➡️  SEA_LIH_9718_9994_(u=710, v=3, w=1) ➡️  LIH_SAN_10060_10521_(u=1029, v=4, w=1) ➡️  t_(u=0, v=0, w=0)

🛩️ Aircraft N284AK path (23 nodes): s_(u=0, v=0, w=0) ➡️  N284AK_(u=0, v=0, w=1) ➡️  PHX_PDX_356_453_(u=138, v=1, w=1) ➡️  PDX_FLL_541_1050_(u=449, v=2, w=1) ➡️  FLL_SFO_1118_1320_(u=802, v=3, w=1) ➡️  SFO_FLL_1383_1870_(u=1079, v=4, w=1) ➡️  FLL_PDX_2018_2231_(u=1440, v=5, w=2) ➡️  PDX_JFK_2322_2828_(u=1728, v=6, w=2) ➡️  JFK_PSP_3414_3583_(u=2053, v=7, w=3) ➡️  PSP_SEA_3697_3873_(u=2207, v=8, w=3) ➡️  SEA_PHX_4087_4345_(u=2343, v=9, w=3) ➡️  PHX_SEA_4706_4849_(u=2522, v=10, w=4) ➡️  SEA_CLE_4925_5380_(u=2757, v=11, w=4) ➡️  CLE_SEA_5435_5585_(u=3033, v=12, w=4) ➡️  SEA_SMF_5645_5755_(u=3114, v=13, w=4) ➡️  SMF_SEA_6112_6231_(u=3210, v=14, w=5) ➡️  SEA_ATL_6289_6758_(u=3476, v=15, w=5) ➡️  ATL_SEA_6839_6970_(u=3767, v=16, w=5) ➡️  SEA_SMF_7089_7200_(u=3853, v=17, w=5) ➡️  SMF_SEA_7553_7682_(u=3949, v=18, w=6) ➡️  SEA_FLL_7746_8300_(u=4269, v=19, w=6) ➡️  FLL_SEA_8359_8570_(u=4628, v=20, w=6) ➡️  SEA_SAN_9117_9279_(u=4742, v=21, w=7) ➡️  SAN_MCO_9359_9801_(u=4978, v=22, w=7) ➡️  MCO_SEA_9867_10065_(u=5324, v=23, w=7) ➡️  t_(u=0, v=0, w=0)

🛠️ Maintenance at node SEA_LIH_7702_8038 by aircraft N585AS | ρ=-1017; λ=0; φ=0
🛠️ Maintenance at node SEA_MSP_9120_9435 by aircraft N587AS | ρ=599; λ=1; φ=0

Nombre de maintenances au total: 2.0
Stations de maintenance utilisées: Any["SEA"]
Nombre de stations de maintenance utilisées: 1
