INSTANCE 196FL_7A_4
PREPROCESSING : false
-----------------------INSTANCE 196FL_7A_4--------------------------
Gurobi 12.0.2 (linux64) logging started Mon Nov 24 10:29:59 2025

Set parameter LogFile to value "RESULTS/A_MTN_2/FH_FC_MEDIAN/result_196FL_7A_4_without_prep.txt"
Set parameter LogToConsole to value 0

Gurobi 12.0.2 (linux64) logging started Mon Nov 24 10:30:01 2025

Set parameter LogFile to value "RESULTS/A_MTN_2/FH_FC_MEDIAN/result_196FL_7A_4_without_prep.txt"
Gurobi Optimizer version 12.0.2 build v12.0.2rc0 (linux64 - "AlmaLinux 9.6 (Sage Margay)")

CPU model: Intel(R) Xeon(R) 6972P, instruction set [SSE2|AVX|AVX2|AVX512]
Thread count: 192 physical cores, 192 logical processors, using up to 8 threads

Non-default parameters:
TimeLimit  7200
LogToConsole  0
Threads  8

Optimize a model with 5950 rows, 1752 columns and 80975 nonzeros
Model fingerprint: 0x4f94a117
Variable types: 510 continuous, 1242 integer (1142 binary)
Coefficient statistics:
  Matrix range     [1e+00, 6e+03]
  Objective range  [1e+00, 2e+02]
  Bounds range     [1e+00, 6e+03]
  RHS range        [1e+00, 6e+03]
Presolve removed 1770 rows and 651 columns
Presolve time: 0.10s
Presolved: 4180 rows, 1101 columns, 25580 nonzeros
Variable types: 229 continuous, 872 integer (803 binary)

Root relaxation: objective 0.000000e+00, 594 iterations, 0.01 seconds (0.02 work units)

    Nodes    |    Current Node    |     Objective Bounds      |     Work
 Expl Unexpl |  Obj  Depth IntInf | Incumbent    BestBd   Gap | It/Node Time

     0     0    0.00000    0    2          -    0.00000      -     -    0s
H    0     0                    4970.0000000    0.00000   100%     -    0s
     0     0    0.00000    0   15 4970.00000    0.00000   100%     -    0s
     0     0    0.00000    0   15 4970.00000    0.00000   100%     -    0s
H    0     0                    3280.0000000    0.00000   100%     -    0s
     0     0    0.00000    0    7 3280.00000    0.00000   100%     -    0s
     0     0    0.00000    0    3 3280.00000    0.00000   100%     -    0s
     0     0    0.00000    0    3 3280.00000    0.00000   100%     -    0s
     0     0    0.00000    0    3 3280.00000    0.00000   100%     -    0s
     0     0    0.00000    0    3 3280.00000    0.00000   100%     -    0s
H    0     0                    3122.0000000    0.00000   100%     -    0s
     0     0    0.00000    0    6 3122.00000    0.00000   100%     -    0s
     0     0    0.00000    0    6 3122.00000    0.00000   100%     -    0s
     0     0    0.00000    0    6 3122.00000    0.00000   100%     -    0s
     0     0    0.00000    0    6 3122.00000    0.00000   100%     -    0s
     0     2    0.00000    0    6 3122.00000    0.00000   100%     -    0s
H  120   186                    3079.0000000    0.00000   100%  45.6    1s
H  191   186                    3006.0000000    0.00000   100%  44.1    1s
H  532   698                    1993.0000000    0.00000   100%  37.6    1s
H 1214   775                    1956.0000000    0.00000   100%  35.1    1s
H 1604   892                    1443.0000000    0.00000   100%  33.3    1s
H 3155   984                    1442.9999999    0.00000   100%  32.0    2s
H 4797  1160                    1442.9999997    0.00000   100%  31.3    4s
H 5126  1192                     804.0000000    0.00000   100%  32.9    4s
H 5414  1086                     791.0000000    0.00000   100%  34.5    4s
H 5555  1061                     781.0000000    0.00000   100%  34.9    4s
H 5658   979                     780.0000000    0.00000   100%  35.3    4s
H 5665   932                     768.0000000    0.00000   100%  35.2    4s
H 5720   876                     532.0000000    0.00000   100%  35.5    5s
H 6371   805                     522.0000000    0.00000   100%  38.1    5s
H 6599   753                     417.0000000    0.00000   100%  38.9    5s
H 7257   783                     407.0000000    0.00000   100%  40.5    5s
*11942  1747              65     187.0000000    0.00000   100%  49.1    8s
 14470  2249   10.00000   52    7  187.00000    0.00000   100%  51.3   10s
H16774  2228                     187.0000000    0.00000   100%  55.3   12s
H17880  1989                     187.0000000    0.00000   100%  56.1   13s
 21354  1689 infeasible   48       187.00000    0.00000   100%  60.0   15s
 30820  2913   10.00000   51    8  187.00000   10.00000  94.7%  61.8   20s
H37947  2682                     186.9999999   10.00000  94.7%  60.7   22s
 47864  4708 infeasible   64       187.00000   10.00000  94.7%  60.4   25s
 59992  5791   10.00000   63   41  187.00000   10.00000  94.7%  61.4   32s
 73931  6130 infeasible   64       187.00000   10.00000  94.7%  57.6   35s
 102578  7066 infeasible   72       187.00000   10.00000  94.7%  51.8   40s
 129947  7777   10.00000   62   38  187.00000   10.00000  94.7%  48.5   45s
 153757  7813   10.00000   71   22  187.00000   10.00000  94.7%  47.3   50s
 178695  7764   10.00000   68   21  187.00000   10.00000  94.7%  46.4   55s
 202970  8055 infeasible   76       187.00000   10.00000  94.7%  45.7   60s
 228077  8153 infeasible   72       187.00000   10.00000  94.7%  45.0   65s
H252159  8048                     186.9999999   10.00000  94.7%  44.4   69s
 252882  8091 infeasible   70       187.00000   10.00000  94.7%  44.4   70s
H253739  8083                     186.9999999   10.00000  94.7%  44.4   70s
H255888  8062                     186.9999999   10.00000  94.7%  44.3   70s
 275592  8081 infeasible   76       187.00000   10.00000  94.7%  43.8   75s
 297911  8324   10.00000   63   31  187.00000   10.00000  94.7%  43.5   80s
 323514  8393 infeasible   76       187.00000   10.00000  94.7%  43.3   85s
 346950  8171 infeasible   70       187.00000   10.00000  94.7%  43.0   90s
 372158  8125   10.00000   68   27  187.00000   10.00000  94.7%  42.9   95s
 396801  8262     cutoff   78       187.00000   10.00000  94.7%  42.6  100s
 422214  8385 infeasible   81       187.00000   10.00000  94.7%  42.3  105s
 447673  8966   10.00000   65   32  187.00000   10.00000  94.7%  42.0  110s
 470445  9918 infeasible   60       187.00000   10.00000  94.7%  41.9  115s
 495803 10787 infeasible   73       187.00000   10.00000  94.7%  41.7  120s
 522999 11146   10.00000   68   29  187.00000   10.00000  94.7%  41.5  125s
 550168 11185   10.00000   60   37  187.00000   10.00000  94.7%  41.2  130s
 577421 11106 infeasible   64       187.00000   10.00000  94.7%  41.0  135s
 604012 11059   10.00000   71   30  187.00000   10.00000  94.7%  40.9  140s
 626148 10991   10.00000   70   31  187.00000   10.00000  94.7%  40.7  145s
 650396 11229   10.00000   69   18  187.00000   10.00000  94.7%  40.6  150s
 674761 11333 infeasible   68       187.00000   10.00000  94.7%  40.6  155s
 699418 11223 infeasible   70       187.00000   10.00000  94.7%  40.5  160s
 724664 11002 infeasible   74       187.00000   10.00000  94.7%  40.4  165s
 750733 10893   10.00000   77   28  187.00000   10.00000  94.7%  40.3  170s
 776376 10989   10.00000   63   30  187.00000   10.00000  94.7%  40.2  175s
 801153 10779 infeasible   63       187.00000   10.00000  94.7%  40.1  180s
 831563 10732   10.00000   70   45  187.00000   10.00000  94.7%  39.6  185s
 862143 10761 infeasible   68       187.00000   10.00000  94.7%  39.3  190s
 891614 11172   10.00000   73   21  187.00000   10.00000  94.7%  39.1  195s
 928629 12118   10.00000   79   25  187.00000   10.00000  94.7%  38.4  200s
 954831 12529   10.00000   72   23  187.00000   10.00000  94.7%  38.4  205s
 978187 12745 infeasible   76       187.00000   10.00000  94.7%  38.3  210s
 1003527 12690   10.00000   69   31  187.00000   10.00000  94.7%  38.3  215s
 1030534 12464   10.00000   66   37  187.00000   10.00000  94.7%  38.3  220s
 1056630 12603   10.00000   77   32  187.00000   10.00000  94.7%  38.2  225s
 1083782 12410 infeasible   75       187.00000   10.00000  94.7%  38.2  230s
 1111146 12156 infeasible   74       187.00000   10.00000  94.7%  38.1  235s
 1136663 12258   10.00000   70   26  187.00000   10.00000  94.7%  38.1  240s
 1159203 12139   10.00000   61   33  187.00000   10.00000  94.7%  38.2  245s
 1182410 12101 infeasible   70       187.00000   10.00000  94.7%  38.2  250s
 1207347 12041   10.00000   61   24  187.00000   10.00000  94.7%  38.3  255s
 1233081 11953   10.00000   76   18  187.00000   10.00000  94.7%  38.3  260s
 1258224 11790   10.00000   66   16  187.00000   10.00000  94.7%  38.3  265s
 1282578 11757 infeasible   68       187.00000   10.00000  94.7%  38.3  270s
 1306472 11732 infeasible   84       187.00000   10.00000  94.7%  38.3  275s
 1335027 11674   10.00000   70   25  187.00000   10.00000  94.7%  38.2  280s
 1363101 11674 infeasible   71       187.00000   10.00000  94.7%  38.0  285s
 1392762 11745   10.00000   63   32  187.00000   10.00000  94.7%  37.9  290s
 1422665 11691 infeasible   62       187.00000   10.00000  94.7%  37.7  295s
 1447960 11566   10.00000   69   17  187.00000   10.00000  94.7%  37.7  300s
 1472228 11739   10.00000   66   20  187.00000   10.00000  94.7%  37.7  305s
 1500439 11678 infeasible   62       187.00000   10.00000  94.7%  37.7  310s
 1531374 11486 infeasible   79       187.00000   10.00000  94.7%  37.6  315s
 1561968 11431   10.00000   63   24  187.00000   10.00000  94.7%  37.5  320s
 1592681 11432   10.00000   65   33  187.00000   10.00000  94.7%  37.5  325s
 1621016 11624 infeasible   76       187.00000   10.00000  94.7%  37.5  330s
 1648902 11328 infeasible   78       187.00000   10.00000  94.7%  37.5  335s
 1672511 11432 infeasible   69       187.00000   10.00000  94.7%  37.5  340s
 1700026 11263     cutoff   72       187.00000   10.00000  94.7%  37.5  345s
 1742804 11891   10.00000   74   32  187.00000   10.00000  94.7%  37.1  350s
 1783049 11953     cutoff   81       187.00000   10.00000  94.7%  36.7  355s
 1817887 11870   10.00000   69   37  187.00000   10.00000  94.7%  36.5  360s
 1846667 11802   10.00000   72   27  187.00000   10.00000  94.7%  36.5  365s
 1877415 11729   10.00000   77   32  187.00000   10.00000  94.7%  36.4  370s
 1906620 11758   10.00000   63   37  187.00000   10.00000  94.7%  36.4  375s
 1929179 11975 infeasible   73       187.00000   10.00000  94.7%  36.5  380s
 1955412 11827   10.00000   67   23  187.00000   10.00000  94.7%  36.5  385s
 1981221 11756 infeasible   70       187.00000   10.00000  94.7%  36.6  390s
 2006595 11723 infeasible   77       187.00000   10.00000  94.7%  36.7  395s
 2032929 11875   10.00000   69   22  187.00000   10.00000  94.7%  36.7  400s
 2060360 11618 infeasible   69       187.00000   10.00000  94.7%  36.8  405s
 2088158 11463   10.00000   72   20  187.00000   10.00000  94.7%  36.7  410s
 2120565 11464   10.00000   68   22  187.00000   10.00000  94.7%  36.6  415s
 2147748 11421 infeasible   78       187.00000   10.00000  94.7%  36.5  420s
 2174584 11918 infeasible   73       187.00000   10.00000  94.7%  36.5  425s
 2200969 11832   10.00000   58   27  187.00000   10.00000  94.7%  36.5  430s
 2227727 11775   10.00000   63   30  187.00000   10.00000  94.7%  36.6  435s
 2254439 11604   10.00000   74   30  187.00000   10.00000  94.7%  36.6  440s
 2282820 11440   10.00000   65   25  187.00000   10.00000  94.7%  36.6  445s
 2307444 11329   10.00000   55   13  187.00000   10.00000  94.7%  36.6  450s
 2342677 11131   10.00000   80   35  187.00000   10.00000  94.7%  36.4  455s
 2387378 11196   10.00000   61   14  187.00000   10.00000  94.7%  36.1  460s
 2425754 11122 infeasible   69       187.00000   10.00000  94.7%  35.9  465s
 2452590 11464 infeasible   83       187.00000   10.00000  94.7%  35.9  470s
 2478497 11361 infeasible   69       187.00000   10.00000  94.7%  35.9  475s
 2505066 11103 infeasible   71       187.00000   10.00000  94.7%  36.0  480s
 2533503 11613   10.00000   73   23  187.00000   10.00000  94.7%  36.0  485s
 2572273 11736   10.00000   66   12  187.00000   10.00000  94.7%  35.8  490s
 2610586 11496     cutoff   67       187.00000   10.00000  94.7%  35.6  495s
 2650090 11678     cutoff   77       187.00000   10.00000  94.7%  35.3  500s
 2688062 11284 infeasible   62       187.00000   10.00000  94.7%  35.2  505s
 2716693 11222   10.00000   65   29  187.00000   10.00000  94.7%  35.2  510s
 2745512 11216     cutoff   83       187.00000   10.00000  94.7%  35.2  515s
 2785090 11679   10.00000   78   28  187.00000   10.00000  94.7%  35.0  520s
 2829121 11465   10.00000   65   28  187.00000   10.00000  94.7%  34.7  525s
 2865476 11468     cutoff   85       187.00000   10.00000  94.7%  34.5  530s
 2910341 11279     cutoff   76       187.00000   10.00000  94.7%  34.2  535s
 2943890 11029   10.00000   69   27  187.00000   10.00000  94.7%  34.2  540s
 2976960 11296   10.00000   68   12  187.00000   10.00000  94.7%  34.1  545s
 3025668 11584   10.00000   82   32  187.00000   10.00000  94.7%  33.8  550s
 3079226 11379   10.00000   82   27  187.00000   10.00000  94.7%  33.4  555s
 3131945 11448     cutoff   84       187.00000   10.00000  94.7%  33.1  560s
 3180949 11168   10.00000   69   34  187.00000   10.00000  94.7%  32.8  565s
 3233734 11231   10.00000   81   29  187.00000   10.00000  94.7%  32.4  570s
 3282460 11572     cutoff   82       187.00000   10.00000  94.7%  32.1  575s
 3336525 11617   10.00000   78   30  187.00000   10.00000  94.7%  31.8  580s
 3394079 11220     cutoff   83       187.00000   10.00000  94.7%  31.4  585s
 3435382 11235   10.00000   78   30  187.00000   10.00000  94.7%  31.3  590s
 3491069 11081   10.00000   77   22  187.00000   10.00000  94.7%  30.9  595s
 3548210 10891   10.00000   67   34  187.00000   10.00000  94.7%  30.6  600s
 3596933 11523     cutoff   78       187.00000   10.00000  94.7%  30.4  605s
 3650975 11327   10.00000   85   32  187.00000   10.00000  94.7%  30.1  610s
 3703061 11226     cutoff   79       187.00000   10.00000  94.7%  29.9  615s
 3755137 11354   10.00000   81   26  187.00000   10.00000  94.7%  29.6  620s
 3804753 11099   10.00000   79   20  187.00000   10.00000  94.7%  29.4  625s
 3843674 11031   10.00000   78   23  187.00000   10.00000  94.7%  29.3  630s
 3871831 11217 infeasible   63       187.00000   10.00000  94.7%  29.4  635s
 3897552 11713 infeasible   67       187.00000   10.00000  94.7%  29.5  640s
 3923973 11597 infeasible   71       187.00000   10.00000  94.7%  29.5  645s
 3949316 11554 infeasible   75       187.00000   10.00000  94.7%  29.6  650s
 3971310 11582   10.00000   50   22  187.00000   10.00000  94.7%  29.7  655s
 3999219 11698   10.00000   64   28  187.00000   10.00000  94.7%  29.8  660s
 4024524 11932   10.00000   65   35  187.00000   10.00000  94.7%  29.8  665s
 4050560 11691 infeasible   79       187.00000   10.00000  94.7%  29.9  670s
 4075433 11522   10.00000   77   24  187.00000   10.00000  94.7%  30.0  675s
 4101455 11545 infeasible   68       187.00000   10.00000  94.7%  30.0  680s
 4122915 11328 infeasible   68       187.00000   10.00000  94.7%  30.1  685s
 4150025 11006 infeasible   63       187.00000   10.00000  94.7%  30.1  690s
 4176467 11072 infeasible   73       187.00000   10.00000  94.7%  30.2  695s
 4203078 11992   10.00000   52   25  187.00000   10.00000  94.7%  30.2  700s
 4228775 12112 infeasible   78       187.00000   10.00000  94.7%  30.3  705s
 4255222 12580   10.00000   67   18  187.00000   10.00000  94.7%  30.4  710s
 4279336 12592   10.00000   59   35  187.00000   10.00000  94.7%  30.4  715s
 4305829 12508 infeasible   63       187.00000   10.00000  94.7%  30.5  720s
 4331368 12610   10.00000   66   30  187.00000   10.00000  94.7%  30.6  725s
 4353934 12761   10.00000   64   28  187.00000   10.00000  94.7%  30.6  730s
 4379902 12768 infeasible   70       187.00000   10.00000  94.7%  30.7  735s
 4405277 12963 infeasible   72       187.00000   10.00000  94.7%  30.7  740s
 4430726 13173   10.00000   61   35  187.00000   10.00000  94.7%  30.8  745s
 4457004 13041   10.00000   68   21  187.00000   10.00000  94.7%  30.8  750s
 4483864 13100   10.00000   65   27  187.00000   10.00000  94.7%  30.9  755s
 4509940 13813 infeasible   61       187.00000   10.00000  94.7%  30.9  760s
 4535852 13613 infeasible   73       187.00000   10.00000  94.7%  31.0  765s
 4563177 13515 infeasible   70       187.00000   10.00000  94.7%  31.0  770s
 4588528 13488   10.00000   66   23  187.00000   10.00000  94.7%  31.0  775s
 4611428 13385   10.00000   66   22  187.00000   10.00000  94.7%  31.1  780s
 4637470 13347   10.00000   67   17  187.00000   10.00000  94.7%  31.1  785s
 4663471 13334 infeasible   68       187.00000   10.00000  94.7%  31.2  790s
 4690657 13185 infeasible   70       187.00000   10.00000  94.7%  31.2  795s
 4716607 13171 infeasible   70       187.00000   10.00000  94.7%  31.3  800s
 4743341 13068   10.00000   62   32  187.00000   10.00000  94.7%  31.3  805s
 4768704 12978   10.00000   66   31  187.00000   10.00000  94.7%  31.3  810s
 4791804 12850   10.00000   76   36  187.00000   10.00000  94.7%  31.4  815s
 4819027 12835 infeasible   61       187.00000   10.00000  94.7%  31.4  820s
 4845803 12946 infeasible   70       187.00000   10.00000  94.7%  31.5  825s
 4871823 13320 infeasible   66       187.00000   10.00000  94.7%  31.5  830s
 4897626 13251 infeasible   64       187.00000   10.00000  94.7%  31.6  835s
 4923255 13146 infeasible   67       187.00000   10.00000  94.7%  31.6  840s
 4949297 13242 infeasible   87       187.00000   10.00000  94.7%  31.7  845s
 4977625 13632   10.00000   67   34  187.00000   10.00000  94.7%  31.7  850s
 5001310 13505   10.00000   72   33  187.00000   10.00000  94.7%  31.7  855s
 5028610 13532 infeasible   86       187.00000   10.00000  94.7%  31.7  860s
 5056474 13336 infeasible   82       187.00000   10.00000  94.7%  31.7  865s
 5082482 13340   10.00000   67   33  187.00000   10.00000  94.7%  31.8  870s
 5110265 13592   10.00000   72   39  187.00000   10.00000  94.7%  31.8  875s
 5138628 13524 infeasible   67       187.00000   10.00000  94.7%  31.8  880s
 5167220 13413 infeasible   66       187.00000   10.00000  94.7%  31.8  885s
 5189634 13960 infeasible   72       187.00000   10.00000  94.7%  31.8  890s
 5214426 14193 infeasible   74       187.00000   10.00000  94.7%  31.9  895s
 5237749 14078   10.00000   75   37  187.00000   10.00000  94.7%  31.9  900s
 5264243 13936 infeasible   77       187.00000   10.00000  94.7%  32.0  905s
 5290611 13760   10.00000   55   44  187.00000   10.00000  94.7%  32.0  910s
 5315530 13628 infeasible   68       187.00000   10.00000  94.7%  32.1  915s
 5338462 13480   10.00000   69   49  187.00000   10.00000  94.7%  32.1  920s
 5364473 14080   10.00000   61   21  187.00000   10.00000  94.7%  32.1  925s
 5389433 14203   10.00000   65   17  187.00000   10.00000  94.7%  32.2  930s
 5415260 13957   10.00000   76   17  187.00000   10.00000  94.7%  32.2  935s
 5440029 14041   10.00000   69   23  187.00000   10.00000  94.7%  32.3  940s
 5465473 13842   10.00000   66   46  187.00000   10.00000  94.7%  32.3  945s
 5490533 13756 infeasible   69       187.00000   10.00000  94.7%  32.3  950s
 5517293 13679 infeasible   72       187.00000   10.00000  94.7%  32.4  955s
 5540722 13836 infeasible   65       187.00000   10.00000  94.7%  32.4  960s
 5565040 14020   10.00000   66   27  187.00000   10.00000  94.7%  32.4  965s
 5590790 13924 infeasible   74       187.00000   10.00000  94.7%  32.4  970s
 5618379 14102   10.00000   61   34  187.00000   10.00000  94.7%  32.5  975s
 5643652 14001 infeasible   69       187.00000   10.00000  94.7%  32.5  980s
 5668728 13855 infeasible   64       187.00000   10.00000  94.7%  32.5  985s
 5692351 13896   10.00000   77   29  187.00000   10.00000  94.7%  32.5  990s
 5720363 13718 infeasible   73       187.00000   10.00000  94.7%  32.6  995s
 5747705 13783 infeasible   72       187.00000   10.00000  94.7%  32.6 1000s
 5774285 14207   10.00000   63   44  187.00000   10.00000  94.7%  32.6 1005s
 5802175 14397 infeasible   77       187.00000   10.00000  94.7%  32.6 1010s
 5828837 14241   10.00000   72   32  187.00000   10.00000  94.7%  32.6 1015s
 5855921 14344 infeasible   69       187.00000   10.00000  94.7%  32.7 1020s
 5881973 14497 infeasible   71       187.00000   10.00000  94.7%  32.7 1025s
 5904526 14551   10.00000   74   24  187.00000   10.00000  94.7%  32.7 1030s
 5931234 14871   10.00000   65   43  187.00000   10.00000  94.7%  32.7 1035s
 5955890 15221 infeasible   71       187.00000   10.00000  94.7%  32.8 1040s
 5981295 15369 infeasible   72       187.00000   10.00000  94.7%  32.8 1045s
 6005929 15241 infeasible   63       187.00000   10.00000  94.7%  32.8 1050s
 6030088 15122   10.00000   65   35  187.00000   10.00000  94.7%  32.8 1055s
 6055550 15273 infeasible   62       187.00000   10.00000  94.7%  32.9 1060s
 6080991 15215   10.00000   64   31  187.00000   10.00000  94.7%  32.9 1065s
 6109524 15506   10.00000   81   39  187.00000   10.00000  94.7%  32.9 1070s
 6150225 16347   10.00000   75   18  187.00000   10.00000  94.7%  32.8 1075s
 6206420 16296   10.00000   79   27  187.00000   10.00000  94.7%  32.6 1080s
 6261669 16098   10.00000   82   22  187.00000   10.00000  94.7%  32.4 1085s
 6313940 15887   10.00000   73   20  187.00000   10.00000  94.7%  32.2 1090s
 6369481 16456   10.00000   75   35  187.00000   10.00000  94.7%  32.1 1095s
 6425526 16218   10.00000   79   27  187.00000   10.00000  94.7%  31.9 1100s
 6480608 15955   10.00000   78   11  187.00000   10.00000  94.7%  31.7 1105s
 6527355 15992   10.00000   79   20  187.00000   10.00000  94.7%  31.6 1110s
 6570218 15828   10.00000   80   23  187.00000   10.00000  94.7%  31.4 1115s
 6620883 16237 infeasible   64       187.00000   10.00000  94.7%  31.3 1120s
 6676640 16112     cutoff   80       187.00000   10.00000  94.7%  31.1 1125s
 6733329 15991   10.00000   68   30  187.00000   10.00000  94.7%  31.0 1130s
 6775726 15865     cutoff   77       187.00000   10.00000  94.7%  30.9 1135s
 6829498 16029     cutoff   80       187.00000   10.00000  94.7%  30.7 1140s
 6880458 15923     cutoff   80       187.00000   10.00000  94.7%  30.6 1145s
 6925255 16739     cutoff   84       187.00000   10.00000  94.7%  30.5 1150s
 6979438 16636   10.00000   79   20  187.00000   10.00000  94.7%  30.3 1155s
 7033882 16870   10.00000   86   27  187.00000   10.00000  94.7%  30.2 1160s
 7088550 16785     cutoff   85       187.00000   10.00000  94.7%  30.0 1165s
 7141199 16485   10.00000   78   19  187.00000   10.00000  94.7%  29.9 1170s
 7193333 16115     cutoff   80       187.00000   10.00000  94.7%  29.8 1175s
 7246617 15906   10.00000   83   29  187.00000   10.00000  94.7%  29.6 1180s
 7284254 16358 infeasible   75       187.00000   10.00000  94.7%  29.6 1185s
 7321918 15994   10.00000   65   40  187.00000   10.00000  94.7%  29.5 1190s
 7360972 16645 infeasible   66       187.00000   10.00000  94.7%  29.5 1195s
 7406056 16494   10.00000   68   33  187.00000   10.00000  94.7%  29.4 1200s
 7449698 16639   10.00000   76   25  187.00000   10.00000  94.7%  29.3 1205s
 7496417 16563     cutoff   78       187.00000   10.00000  94.7%  29.3 1210s
 7544866 16434     cutoff   87       187.00000   10.00000  94.7%  29.2 1215s
 7586646 16422   10.00000   62   29  187.00000   10.00000  94.7%  29.1 1220s
 7630441 16902   10.00000   80   26  187.00000   10.00000  94.7%  29.0 1225s
 7683407 16612   10.00000   77   27  187.00000   10.00000  94.7%  28.9 1230s
 7731466 16423   10.00000   82   20  187.00000   10.00000  94.7%  28.8 1235s
 7781232 16443     cutoff   75       187.00000   10.00000  94.7%  28.7 1240s
 7825204 16094   10.00000   63   37  187.00000   10.00000  94.7%  28.6 1245s
 7853098 16492   10.00000   61   38  187.00000   10.00000  94.7%  28.6 1250s
 7874930 16315 infeasible   68       187.00000   10.00000  94.7%  28.7 1255s
 7916772 17277   10.00000   79   31  187.00000   10.00000  94.7%  28.6 1260s
 7966016 17210   10.00000   63   26  187.00000   10.00000  94.7%  28.5 1265s
 8017912 16902     cutoff   77       187.00000   10.00000  94.7%  28.4 1270s
 8067235 16635   10.00000   63   21  187.00000   10.00000  94.7%  28.3 1275s
 8116684 16460     cutoff   79       187.00000   10.00000  94.7%  28.3 1280s
 8152559 16449 infeasible   66       187.00000   10.00000  94.7%  28.2 1285s
 8177776 16939 infeasible   70       187.00000   10.00000  94.7%  28.2 1290s
 8200759 17035 infeasible   79       187.00000   10.00000  94.7%  28.3 1295s
 8225566 16821   10.00000   72   23  187.00000   10.00000  94.7%  28.3 1300s
 8250326 16771   10.00000   63   41  187.00000   10.00000  94.7%  28.3 1305s
 8274055 16944 infeasible   73       187.00000   10.00000  94.7%  28.4 1310s
 8300725 16669   10.00000   70   29  187.00000   10.00000  94.7%  28.4 1315s
 8323436 16478 infeasible   76       187.00000   10.00000  94.7%  28.4 1320s
 8350434 16833     cutoff   72       187.00000   10.00000  94.7%  28.4 1325s
 8384154 16690   10.00000   66   39  187.00000   10.00000  94.7%  28.4 1330s
 8415033 16531 infeasible   73       187.00000   10.00000  94.7%  28.4 1335s
 8443295 16978   10.00000   68   16  187.00000   10.00000  94.7%  28.4 1340s
 8470805 17148   10.00000   68   32  187.00000   10.00000  94.7%  28.5 1345s
 8501226 16934     cutoff   83       187.00000   10.00000  94.7%  28.5 1350s
 8527204 16836   10.00000   77   26  187.00000   10.00000  94.7%  28.5 1355s
 8558668 16659 infeasible   68       187.00000   10.00000  94.7%  28.5 1360s
 8588095 16757 infeasible   86       187.00000   10.00000  94.7%  28.5 1365s
 8619499 16483   10.00000   75   32  187.00000   10.00000  94.7%  28.5 1370s
 8648067 16429   10.00000   71   23  187.00000   10.00000  94.7%  28.5 1375s
 8677263 16327   10.00000   70   32  187.00000   10.00000  94.7%  28.5 1380s
 8710111 16735   10.00000   63   32  187.00000   10.00000  94.7%  28.5 1385s
 8743276 16612 infeasible   61       187.00000   10.00000  94.7%  28.5 1390s
 8779205 16632     cutoff   81       187.00000   10.00000  94.7%  28.5 1395s
 8814742 16494   10.00000   62   33  187.00000   10.00000  94.7%  28.5 1400s
 8858791 16454   10.00000   77   29  187.00000   10.00000  94.7%  28.4 1405s
 8901924 16335     cutoff   88       187.00000   10.00000  94.7%  28.3 1410s
 8947394 16066 infeasible   70       187.00000   10.00000  94.7%  28.3 1415s
 8971266 16364   10.00000   61   23  187.00000   10.00000  94.7%  28.3 1420s
 8994332 16569 infeasible   66       187.00000   10.00000  94.7%  28.3 1425s
 9019139 16520 infeasible   67       187.00000   10.00000  94.7%  28.4 1430s
 9044845 16198 infeasible   88       187.00000   10.00000  94.7%  28.4 1435s
 9069520 15727 infeasible   73       187.00000   10.00000  94.7%  28.4 1440s
 9096883 15122   20.00000   63   41  187.00000   10.00000  94.7%  28.5 1445s
 9124037 14976 infeasible   74       187.00000   20.00000  89.3%  28.5 1450s
 9152069 15216 infeasible   68       187.00000   20.00000  89.3%  28.5 1455s
 9181439 16192 infeasible   75       187.00000   20.00000  89.3%  28.5 1460s
 9209869 16389     cutoff   79       187.00000   20.00000  89.3%  28.6 1465s
 9237764 16918 infeasible   67       187.00000   20.00000  89.3%  28.6 1470s
 9264783 16870   20.00000   72   27  187.00000   20.00000  89.3%  28.6 1475s
 9292041 16708 infeasible   76       187.00000   20.00000  89.3%  28.7 1480s
 9317310 16581   20.00000   70   27  187.00000   20.00000  89.3%  28.7 1485s
 9343741 16558   20.00000   62   50  187.00000   20.00000  89.3%  28.7 1490s
 9370125 16761   20.00000   63   23  187.00000   20.00000  89.3%  28.8 1495s
 9396824 16395   20.00000   70   19  187.00000   20.00000  89.3%  28.8 1500s
 9423734 16232 infeasible   72       187.00000   20.00000  89.3%  28.8 1505s
 9451418 16049 infeasible   66       187.00000   20.00000  89.3%  28.8 1510s
 9480056 15969 infeasible   70       187.00000   20.00000  89.3%  28.9 1515s
 9516627 16329     cutoff   89       187.00000   20.00000  89.3%  28.9 1520s
 9565882 16093   20.00000   83   37  187.00000   20.00000  89.3%  28.8 1525s
 9600018 16318   20.00000   75   39  187.00000   20.00000  89.3%  28.8 1530s
 9633924 17062   20.00000   72   33  187.00000   20.00000  89.3%  28.8 1535s
 9673327 17385   20.00000   68   25  187.00000   20.00000  89.3%  28.8 1540s
 9703985 17957   20.00000   78   13  187.00000   20.00000  89.3%  28.8 1545s
 9731369 18209   20.00000   72   29  187.00000   20.00000  89.3%  28.8 1550s
 9760494 18470   20.00000   64   34  187.00000   20.00000  89.3%  28.9 1555s
 9790826 18672   20.00000   77   27  187.00000   20.00000  89.3%  28.9 1560s
 9818459 18877 infeasible   63       187.00000   20.00000  89.3%  28.9 1565s
 9842768 19041 infeasible   69       187.00000   20.00000  89.3%  28.9 1570s
 9869595 18807   20.00000   71   28  187.00000   20.00000  89.3%  29.0 1575s
 9902236 18812 infeasible   69       187.00000   20.00000  89.3%  29.0 1580s
 9938923 18751     cutoff   90       187.00000   20.00000  89.3%  29.0 1585s
 9969568 18646 infeasible   68       187.00000   20.00000  89.3%  29.0 1590s
 9999854 18846   20.00000   79   25  187.00000   20.00000  89.3%  29.0 1595s
 10035707 18704   20.00000   73   23  187.00000   20.00000  89.3%  29.0 1600s
 10069456 18613   20.00000   80   33  187.00000   20.00000  89.3%  29.0 1605s
 10107812 18675     cutoff   83       187.00000   20.00000  89.3%  29.0 1610s
 10138875 18608   20.00000   69   40  187.00000   20.00000  89.3%  29.0 1615s
 10171981 19492   20.00000   68   29  187.00000   20.00000  89.3%  29.0 1620s
 10206466 19743   20.00000   66   18  187.00000   20.00000  89.3%  29.0 1625s
 10238802 19739   20.00000   67   22  187.00000   20.00000  89.3%  29.0 1630s
 10266314 19717 infeasible   76       187.00000   20.00000  89.3%  29.0 1635s
 10300700 19476 infeasible   66       187.00000   20.00000  89.3%  29.0 1640s
 10332932 19426     cutoff   81       187.00000   20.00000  89.3%  29.0 1645s
 10367976 19740   20.00000   64   29  187.00000   20.00000  89.3%  29.0 1650s
 10404464 20145   20.00000   72   36  187.00000   20.00000  89.3%  29.0 1655s
 10436294 19979 infeasible   80       187.00000   20.00000  89.3%  29.0 1660s
 10465442 20303 infeasible   82       187.00000   20.00000  89.3%  29.0 1665s
 10493993 20593 infeasible   73       187.00000   20.00000  89.3%  29.1 1670s
 10522320 20741 infeasible   73       187.00000   20.00000  89.3%  29.1 1675s
 10547961 20602 infeasible   72       187.00000   20.00000  89.3%  29.1 1680s
 10574410 20576 infeasible   65       187.00000   20.00000  89.3%  29.2 1685s
 10600272 21024   20.00000   71   34  187.00000   20.00000  89.3%  29.2 1690s
 10628204 21195   20.00000   71   33  187.00000   20.00000  89.3%  29.2 1695s
 10656524 21718  170.00000   78   42  187.00000   20.00000  89.3%  29.2 1700s
 10682457 21658 infeasible   74       187.00000   20.00000  89.3%  29.3 1705s
 10708814 21698   20.00000   69   46  187.00000   20.00000  89.3%  29.3 1710s
 10736303 22119 infeasible   66       187.00000   20.00000  89.3%  29.3 1715s
 10763758 22302 infeasible   74       187.00000   20.00000  89.3%  29.3 1720s
 10791293 22986 infeasible   74       187.00000   20.00000  89.3%  29.4 1725s
 10817757 23411   20.00000   61   23  187.00000   20.00000  89.3%  29.4 1730s
 10844701 23707 infeasible   75       187.00000   20.00000  89.3%  29.4 1735s
 10870388 23456 infeasible   66       187.00000   20.00000  89.3%  29.4 1740s
 10900269 23350 infeasible   64       187.00000   20.00000  89.3%  29.5 1745s
 10930424 23677 infeasible   68       187.00000   20.00000  89.3%  29.5 1750s
 10963264 23890  170.00000   71   48  187.00000   20.00000  89.3%  29.5 1755s
 10995111 23975   20.00000   67   25  187.00000   20.00000  89.3%  29.5 1760s
 11022966 23749   20.00000   76   32  187.00000   20.00000  89.3%  29.5 1765s
 11055075 24149   20.00000   77   45  187.00000   20.00000  89.3%  29.5 1770s
 11088442 24502   20.00000   67   40  187.00000   20.00000  89.3%  29.5 1775s
 11118022 24917   20.00000   70   31  187.00000   20.00000  89.3%  29.5 1780s
 11144070 24934 infeasible   73       187.00000   20.00000  89.3%  29.6 1785s
 11172092 24870 infeasible   73       187.00000   20.00000  89.3%  29.6 1790s
 11207229 25290   20.00000   83   20  187.00000   20.00000  89.3%  29.6 1795s
 11247778 24950 infeasible   66       187.00000   20.00000  89.3%  29.6 1800s
 11278667 24838 infeasible   69       187.00000   20.00000  89.3%  29.6 1805s
 11312806 24678   20.00000   79   39  187.00000   20.00000  89.3%  29.6 1810s
 11341239 24668 infeasible   74       187.00000   20.00000  89.3%  29.6 1815s
 11369982 24621 infeasible   75       187.00000   20.00000  89.3%  29.6 1820s
 11400214 24687 infeasible   82       187.00000   20.00000  89.3%  29.6 1825s
 11429632 24417 infeasible   65       187.00000   20.00000  89.3%  29.6 1830s
 11457483 24293 infeasible   67       187.00000   20.00000  89.3%  29.6 1835s
 11487540 24276   20.00000   72   35  187.00000   20.00000  89.3%  29.7 1840s
 11515887 24329 infeasible   60       187.00000   20.00000  89.3%  29.7 1845s
 11543066 24807   20.00000   66   26  187.00000   20.00000  89.3%  29.7 1850s
 11570126 24752 infeasible   80       187.00000   20.00000  89.3%  29.7 1855s
 11597598 24520 infeasible   64       187.00000   20.00000  89.3%  29.7 1860s
 11624863 24689 infeasible   67       187.00000   20.00000  89.3%  29.8 1865s
 11653473 24702 infeasible   80       187.00000   20.00000  89.3%  29.8 1870s
 11681095 25005   20.00000   61   41  187.00000   20.00000  89.3%  29.8 1875s
 11708400 25171   20.00000   61   29  187.00000   20.00000  89.3%  29.8 1880s
 11733313 25094   20.00000   62   28  187.00000   20.00000  89.3%  29.8 1885s
 11758525 24954   20.00000   69   30  187.00000   20.00000  89.3%  29.9 1890s
 11784872 24912 infeasible   72       187.00000   20.00000  89.3%  29.9 1895s
 11810225 24685 infeasible   72       187.00000   20.00000  89.3%  29.9 1900s
 11836156 24672   20.00000   62   26  187.00000   20.00000  89.3%  29.9 1905s
 11862621 24613   20.00000   65   26  187.00000   20.00000  89.3%  29.9 1910s
 11886713 24463   20.00000   59   26  187.00000   20.00000  89.3%  30.0 1915s
 11912124 24256  170.00000   73   36  187.00000   20.00000  89.3%  30.0 1920s
 11938595 24068   20.00000   71   35  187.00000   20.00000  89.3%  30.0 1925s
 11965982 23831   20.00000   64   32  187.00000   20.00000  89.3%  30.0 1930s
 11992617 23720   20.00000   68   29  187.00000   20.00000  89.3%  30.1 1935s
 12019934 23648 infeasible   71       187.00000   20.00000  89.3%  30.1 1940s
 12048350 23642   20.00000   75   35  187.00000   20.00000  89.3%  30.1 1945s
 12076228 23410 infeasible   84       187.00000   20.00000  89.3%  30.1 1950s
 12102619 23213 infeasible   65       187.00000   20.00000  89.3%  30.1 1955s
 12130330 23269   20.00000   73   32  187.00000   20.00000  89.3%  30.1 1960s
 12157928 23351   20.00000   72   26  187.00000   20.00000  89.3%  30.2 1965s
 12183096 23244   20.00000   60   43  187.00000   20.00000  89.3%  30.2 1970s
 12208585 23094 infeasible   72       187.00000   20.00000  89.3%  30.2 1975s
 12234397 23058 infeasible   61       187.00000   20.00000  89.3%  30.2 1980s
 12261270 23134   20.00000   61   36  187.00000   20.00000  89.3%  30.2 1985s
 12286310 23212   20.00000   61   17  187.00000   20.00000  89.3%  30.3 1990s
 12312997 23105   20.00000   66   29  187.00000   20.00000  89.3%  30.3 1995s
 12341249 23020 infeasible   57       187.00000   20.00000  89.3%  30.3 2000s
 12367869 22978 infeasible   66       187.00000   20.00000  89.3%  30.3 2005s
 12394551 23646   20.00000   75   32  187.00000   20.00000  89.3%  30.3 2010s
 12415755 23939 infeasible   74       187.00000   20.00000  89.3%  30.4 2015s
 12443789 23995 infeasible   68       187.00000   20.00000  89.3%  30.4 2020s
 12469715 23952 infeasible   76       187.00000   20.00000  89.3%  30.4 2025s
 12495370 23659 infeasible   67       187.00000   20.00000  89.3%  30.4 2030s
 12521474 23404 infeasible   64       187.00000   20.00000  89.3%  30.4 2035s
 12548089 23519   20.00000   72   38  187.00000   20.00000  89.3%  30.5 2040s
 12573447 23530 infeasible   65       187.00000   20.00000  89.3%  30.5 2045s
 12599361 23311 infeasible   72       187.00000   20.00000  89.3%  30.5 2050s
 12626130 23226 infeasible   65       187.00000   20.00000  89.3%  30.5 2055s
 12650800 23225   20.00000   76   38  187.00000   20.00000  89.3%  30.5 2060s
 12674571 23051   20.00000   67   31  187.00000   20.00000  89.3%  30.6 2065s
 12700720 22942   20.00000   62   30  187.00000   20.00000  89.3%  30.6 2070s
 12726520 22800   20.00000   62   38  187.00000   20.00000  89.3%  30.6 2075s
 12753499 22710   20.00000   66   25  187.00000   20.00000  89.3%  30.6 2080s
 12779755 22675 infeasible   75       187.00000   20.00000  89.3%  30.6 2085s
 12807401 22774   20.00000   80   41  187.00000   20.00000  89.3%  30.7 2090s
 12835447 22934 infeasible   84       187.00000   20.00000  89.3%  30.7 2095s
 12861675 23014   20.00000   77   29  187.00000   20.00000  89.3%  30.7 2100s
 12887099 23035   20.00000   61   31  187.00000   20.00000  89.3%  30.7 2105s
 12919199 24214   20.00000   89   30  187.00000   20.00000  89.3%  30.7 2110s
 12954114 24579     cutoff   81       187.00000   20.00000  89.3%  30.7 2115s
 12995253 24475   20.00000   71   20  187.00000   20.00000  89.3%  30.7 2120s
 13031506 24463     cutoff   85       187.00000   20.00000  89.3%  30.7 2125s
 13072385 24513 infeasible   87       187.00000   20.00000  89.3%  30.7 2130s
 13108626 24451   20.00000   91   26  187.00000   20.00000  89.3%  30.7 2135s
 13147661 24620   20.00000   79   35  187.00000   20.00000  89.3%  30.6 2140s
 13190159 24593   20.00000   79   27  187.00000   20.00000  89.3%  30.6 2145s
 13226660 24413 infeasible   88       187.00000   20.00000  89.3%  30.6 2150s
 13261662 24511     cutoff   93       187.00000   20.00000  89.3%  30.6 2155s
 13296329 24536 infeasible   76       187.00000   20.00000  89.3%  30.6 2160s
 13328773 25354   20.00000   73   36  187.00000   20.00000  89.3%  30.6 2165s
 13366188 25557   20.00000   79   28  187.00000   20.00000  89.3%  30.6 2170s
 13408627 25613     cutoff   93       187.00000   20.00000  89.3%  30.5 2175s
 13447399 25721     cutoff   79       187.00000   20.00000  89.3%  30.5 2180s
 13480390 25808   20.00000   85   24  187.00000   20.00000  89.3%  30.5 2185s
 13516359 26139     cutoff   70       187.00000   20.00000  89.3%  30.5 2190s
 13551834 26252  170.00000   78   32  187.00000   20.00000  89.3%  30.5 2195s
 13586500 26381   20.00000   69   27  187.00000   20.00000  89.3%  30.5 2200s
 13620086 26453  170.00000   80   37  187.00000   20.00000  89.3%  30.5 2205s
 13650186 26687 infeasible   76       187.00000   20.00000  89.3%  30.5 2210s
 13676895 26772 infeasible   78       187.00000   20.00000  89.3%  30.5 2215s
 13705628 26749 infeasible   75       187.00000   20.00000  89.3%  30.5 2220s
 13734291 26745 infeasible   70       187.00000   20.00000  89.3%  30.6 2225s
 13765197 26977   20.00000   67   40  187.00000   20.00000  89.3%  30.6 2230s
 13792272 27820 infeasible   66       187.00000   20.00000  89.3%  30.6 2235s
 13818446 27925   20.00000   70   29  187.00000   20.00000  89.3%  30.6 2240s
 13845519 27641 infeasible   71       187.00000   20.00000  89.3%  30.6 2245s
 13872846 27525 infeasible   65       187.00000   20.00000  89.3%  30.6 2250s
 13900234 27424   20.00000   68   20  187.00000   20.00000  89.3%  30.6 2255s
 13925114 27316 infeasible   63       187.00000   20.00000  89.3%  30.6 2260s
 13952344 27296 infeasible   71       187.00000   20.00000  89.3%  30.7 2265s
 13977614 27251 infeasible   66       187.00000   20.00000  89.3%  30.7 2270s
 14003559 27093   20.00000   73   32  187.00000   20.00000  89.3%  30.7 2275s
 14034104 26944 infeasible   64       187.00000   20.00000  89.3%  30.7 2280s
 14064942 27098   20.00000   78   36  187.00000   20.00000  89.3%  30.7 2285s
 14095130 27536 infeasible   78       187.00000   20.00000  89.3%  30.7 2290s
 14127002 27709   20.00000   74   31  187.00000   20.00000  89.3%  30.7 2295s
 14159596 27488 infeasible   79       187.00000   20.00000  89.3%  30.7 2300s
 14192169 27293 infeasible   83       187.00000   20.00000  89.3%  30.7 2305s
 14225175 27193   20.00000   72   25  187.00000   20.00000  89.3%  30.7 2310s
 14255899 27117   20.00000   69   26  187.00000   20.00000  89.3%  30.7 2315s
 14288678 27040     cutoff   77       187.00000   20.00000  89.3%  30.7 2320s
 14326718 27197 infeasible   74       187.00000   20.00000  89.3%  30.7 2325s
 14361099 27034 infeasible   69       187.00000   20.00000  89.3%  30.7 2330s
 14395222 26902     cutoff   77       187.00000   20.00000  89.3%  30.7 2335s
 14428803 27067   20.00000   75   23  187.00000   20.00000  89.3%  30.7 2340s
 14452997 27085 infeasible   72       187.00000   20.00000  89.3%  30.7 2345s
 14480188 26922   20.00000   65   25  187.00000   20.00000  89.3%  30.7 2350s
 14507057 27019   20.00000   72   30  187.00000   20.00000  89.3%  30.7 2355s
 14535058 26882 infeasible   74       187.00000   20.00000  89.3%  30.8 2360s
 14563312 27046 infeasible   73       187.00000   20.00000  89.3%  30.8 2365s
 14592678 26928 infeasible   63       187.00000   20.00000  89.3%  30.8 2370s
 14625927 27195 infeasible   72       187.00000   20.00000  89.3%  30.8 2375s
 14654500 27589 infeasible   70       187.00000   20.00000  89.3%  30.8 2380s
 14681834 27628 infeasible   66       187.00000   20.00000  89.3%  30.8 2385s
 14709999 27707 infeasible   71       187.00000   20.00000  89.3%  30.8 2390s
 14736534 27614 infeasible   72       187.00000   20.00000  89.3%  30.8 2395s
 14765046 27338     cutoff   77       187.00000   20.00000  89.3%  30.9 2400s
 14793207 27493 infeasible   73       187.00000   20.00000  89.3%  30.9 2405s
 14821921 27444 infeasible   70       187.00000   20.00000  89.3%  30.9 2410s
 14854397 27924   20.00000   87   31  187.00000   20.00000  89.3%  30.9 2415s
 14902943 28613   20.00000   83   31  187.00000   20.00000  89.3%  30.8 2420s
 14952617 28624   20.00000   82   31  187.00000   20.00000  89.3%  30.8 2425s
 15001687 28662   20.00000   79   20  187.00000   20.00000  89.3%  30.7 2430s
 15043391 28492 infeasible   74       187.00000   20.00000  89.3%  30.7 2435s
 15092327 28877   20.00000   81   26  187.00000   20.00000  89.3%  30.6 2440s
 15140161 28787   20.00000   81   31  187.00000   20.00000  89.3%  30.6 2445s
 15189020 28680 infeasible   85       187.00000   20.00000  89.3%  30.5 2450s
 15226037 28651 infeasible   73       187.00000   20.00000  89.3%  30.5 2455s
 15263161 28501   20.00000   68   16  187.00000   20.00000  89.3%  30.5 2460s
 15300158 28592   20.00000   76   32  187.00000   20.00000  89.3%  30.5 2465s
 15331167 28942 infeasible   69       187.00000   20.00000  89.3%  30.5 2470s
 15364764 29245     cutoff   85       187.00000   20.00000  89.3%  30.5 2475s
 15407178 28849   20.00000   77   29  187.00000   20.00000  89.3%  30.5 2480s
 15450467 28731   20.00000   82   26  187.00000   20.00000  89.3%  30.4 2485s
 15484946 28861 infeasible   75       187.00000   20.00000  89.3%  30.4 2490s
 15518828 29260   20.00000   72   33  187.00000   20.00000  89.3%  30.4 2495s
 15547733 29351 infeasible   68       187.00000   20.00000  89.3%  30.4 2500s
 15575670 29571 infeasible   65       187.00000   20.00000  89.3%  30.4 2505s
 15600429 29890   20.00000   67   27  187.00000   20.00000  89.3%  30.5 2510s
 15626166 29793   20.00000   77   26  187.00000   20.00000  89.3%  30.5 2515s
 15652706 29691   20.00000   63   26  187.00000   20.00000  89.3%  30.5 2520s
 15679570 29380 infeasible   62       187.00000   20.00000  89.3%  30.5 2525s
 15706145 29171 infeasible   70       187.00000   20.00000  89.3%  30.5 2530s
 15738458 29081   20.00000   60   37  187.00000   20.00000  89.3%  30.5 2535s
 15766302 29022 infeasible   80       187.00000   20.00000  89.3%  30.5 2540s
 15794310 28979   20.00000   69   37  187.00000   20.00000  89.3%  30.5 2545s
 15819642 29324   20.00000   61   33  187.00000   20.00000  89.3%  30.5 2550s
 15845047 29454 infeasible   78       187.00000   20.00000  89.3%  30.6 2555s
 15871793 29974   20.00000   65   23  187.00000   20.00000  89.3%  30.6 2560s
 15897264 30186 infeasible   70       187.00000   20.00000  89.3%  30.6 2565s
 15924708 30255 infeasible   70       187.00000   20.00000  89.3%  30.6 2570s
 15952517 30072   20.00000   70   18  187.00000   20.00000  89.3%  30.6 2575s
 15981130 30217 infeasible   75       187.00000   20.00000  89.3%  30.7 2580s
 16008477 30162 infeasible   79       187.00000   20.00000  89.3%  30.7 2585s
 16036193 30104 infeasible   72       187.00000   20.00000  89.3%  30.7 2590s
 16064945 30184 infeasible   70       187.00000   20.00000  89.3%  30.7 2595s
 16093377 29979 infeasible   75       187.00000   20.00000  89.3%  30.7 2600s
 16124622 29716   20.00000   60   30  187.00000   20.00000  89.3%  30.7 2605s
 16155216 29182     cutoff   78       187.00000   20.00000  89.3%  30.7 2610s
 16194093 29672   20.00000   75   27  187.00000   20.00000  89.3%  30.7 2615s
 16235291 29517   20.00000   74   37  187.00000   20.00000  89.3%  30.7 2620s
 16283300 28981     cutoff   80       187.00000   20.00000  89.3%  30.6 2625s
 16314442 27613 infeasible   73       187.00000   20.00000  89.3%  30.6 2630s
 16344499 23992 infeasible   69       187.00000  125.00000  33.2%  30.6 2635s
 16372133 24143  125.00000   56   27  187.00000  125.00000  33.2%  30.6 2640s
 16400661 25392 infeasible   65       187.00000  125.00000  33.2%  30.6 2645s
 16428550 25993  125.00000   64   25  187.00000  125.00000  33.2%  30.7 2650s
 16456968 26509 infeasible   76       187.00000  125.00000  33.2%  30.7 2655s
 16485370 26402  125.00000   67   42  187.00000  125.00000  33.2%  30.7 2660s
 16513099 26174 infeasible   70       187.00000  125.00000  33.2%  30.7 2665s
 16540148 26075 infeasible   69       187.00000  125.00000  33.2%  30.7 2670s
 16569012 25895 infeasible   73       187.00000  125.00000  33.2%  30.7 2675s
 16595971 25666 infeasible   66       187.00000  125.00000  33.2%  30.7 2680s
 16623540 25519  125.00000   77   30  187.00000  125.00000  33.2%  30.7 2685s
 16652099 25361 infeasible   77       187.00000  125.00000  33.2%  30.8 2690s
 16680960 25168  125.00000   70   19  187.00000  125.00000  33.2%  30.8 2695s
 16707922 25008  125.00000   70   27  187.00000  125.00000  33.2%  30.8 2700s
 16735618 24961  125.00000   65   30  187.00000  125.00000  33.2%  30.8 2705s
 16764119 24772 infeasible   69       187.00000  125.00000  33.2%  30.8 2710s
 16791673 24698 infeasible   72       187.00000  125.00000  33.2%  30.8 2715s
 16819304 24482 infeasible   74       187.00000  125.00000  33.2%  30.8 2720s
 16847500 24326 infeasible   70       187.00000  125.00000  33.2%  30.8 2725s
 16875795 24309  125.00000   69   23  187.00000  125.00000  33.2%  30.9 2730s
 16903166 24184 infeasible   65       187.00000  125.00000  33.2%  30.9 2735s
 16930537 24155 infeasible   68       187.00000  125.00000  33.2%  30.9 2740s
 16956627 24030  125.00000   70   24  187.00000  125.00000  33.2%  30.9 2745s
 16985565 24252  125.00000   72   20  187.00000  125.00000  33.2%  30.9 2750s
 17014849 24109 infeasible   71       187.00000  125.00000  33.2%  30.9 2755s
 17042355 24137 infeasible   70       187.00000  125.00000  33.2%  30.9 2760s
 17070326 24516  125.00000   72   21  187.00000  125.00000  33.2%  30.9 2765s
 17097833 24354 infeasible   78       187.00000  125.00000  33.2%  31.0 2770s
 17126243 24346 infeasible   68       187.00000  125.00000  33.2%  31.0 2775s
 17153901 24161  125.00000   67   16  187.00000  125.00000  33.2%  31.0 2780s
 17180852 24178  125.00000   63   27  187.00000  125.00000  33.2%  31.0 2785s
 17208014 23992 infeasible   76       187.00000  125.00000  33.2%  31.0 2790s
 17233122 23888  125.00000   67   37  187.00000  125.00000  33.2%  31.0 2795s
 17259725 23992 infeasible   73       187.00000  125.00000  33.2%  31.0 2800s
 17286432 23890  125.00000   61   19  187.00000  125.00000  33.2%  31.0 2805s
 17313551 23914 infeasible   67       187.00000  125.00000  33.2%  31.1 2810s
 17340268 23866 infeasible   70       187.00000  125.00000  33.2%  31.1 2815s
 17367224 23492 infeasible   67       187.00000  125.00000  33.2%  31.1 2820s
 17396281 23336  125.00000   70   31  187.00000  125.00000  33.2%  31.1 2825s
 17427571 23407  135.00000   61   22  187.00000  135.00000  27.8%  31.1 2830s
 17454463 23919 infeasible   67       187.00000  135.00000  27.8%  31.1 2835s
 17483678 23938 infeasible   67       187.00000  135.00000  27.8%  31.1 2840s
 17510926 23832 infeasible   73       187.00000  135.00000  27.8%  31.1 2845s
 17538067 23610  135.00000   71   37  187.00000  135.00000  27.8%  31.1 2850s
 17565629 23514 infeasible   67       187.00000  135.00000  27.8%  31.2 2855s
 17592650 23547 infeasible   70       187.00000  135.00000  27.8%  31.2 2860s
 17618171 23384  135.00000   68   33  187.00000  135.00000  27.8%  31.2 2865s
 17646634 23371  135.00000   57   16  187.00000  135.00000  27.8%  31.2 2870s
 17674787 23119  135.00000   67   30  187.00000  135.00000  27.8%  31.2 2875s
 17701415 23739  135.00000   72   35  187.00000  135.00000  27.8%  31.2 2880s
 17730110 24113  135.00000   69   37  187.00000  135.00000  27.8%  31.2 2885s
 17758205 24027  135.00000   66   49  187.00000  135.00000  27.8%  31.2 2890s
 17786473 23940 infeasible   82       187.00000  135.00000  27.8%  31.2 2895s
 17811246 23954 infeasible   62       187.00000  135.00000  27.8%  31.3 2900s
 17839398 24095 infeasible   79       187.00000  135.00000  27.8%  31.3 2905s
 17866566 24245  135.00000   62   33  187.00000  135.00000  27.8%  31.3 2910s
 17891841 24155 infeasible   66       187.00000  135.00000  27.8%  31.3 2915s
 17919474 24109 infeasible   65       187.00000  135.00000  27.8%  31.3 2920s
 17948000 23952  135.00000   75   31  187.00000  135.00000  27.8%  31.3 2925s
 17977391 24074  135.00000   75   18  187.00000  135.00000  27.8%  31.3 2930s
 18008657 23978  135.00000   71   35  187.00000  135.00000  27.8%  31.3 2935s
 18039732 23960 infeasible   70       187.00000  135.00000  27.8%  31.3 2940s
 18068411 23937  135.00000   73   17  187.00000  135.00000  27.8%  31.3 2945s
 18096475 24111  135.00000   77   24  187.00000  135.00000  27.8%  31.3 2950s
 18126710 24482  135.00000   74   34  187.00000  135.00000  27.8%  31.3 2955s
 18157285 24276  135.00000   70   33  187.00000  135.00000  27.8%  31.3 2960s
 18188673 24038  135.00000   68   42  187.00000  135.00000  27.8%  31.3 2965s
 18218932 24095 infeasible   81       187.00000  135.00000  27.8%  31.3 2970s
 18245800 24108  135.00000   60   23  187.00000  135.00000  27.8%  31.3 2975s
 18276105 24441 infeasible   68       187.00000  135.00000  27.8%  31.3 2980s
 18303512 24700 infeasible   78       187.00000  135.00000  27.8%  31.3 2985s
 18334237 24439  135.00000   75   43  187.00000  135.00000  27.8%  31.4 2990s
 18364116 24460 infeasible   70       187.00000  135.00000  27.8%  31.4 2995s
 18392884 24521 infeasible   73       187.00000  135.00000  27.8%  31.4 3000s
 18423902 24830 infeasible   77       187.00000  135.00000  27.8%  31.4 3005s
 18454094 24790 infeasible   67       187.00000  135.00000  27.8%  31.4 3010s
 18484156 24971  135.00000   75   40  187.00000  135.00000  27.8%  31.4 3015s
 18514340 24914  135.00000   67   35  187.00000  135.00000  27.8%  31.4 3020s
 18544875 24911 infeasible   78       187.00000  135.00000  27.8%  31.4 3025s
 18573063 25219  135.00000   70   45  187.00000  135.00000  27.8%  31.4 3030s
 18597559 25139 infeasible   72       187.00000  135.00000  27.8%  31.4 3035s
 18626876 24972  135.00000   69   41  187.00000  135.00000  27.8%  31.4 3040s
 18653983 24971  135.00000   69   26  187.00000  135.00000  27.8%  31.4 3045s
 18682885 25197 infeasible   75       187.00000  135.00000  27.8%  31.4 3050s
 18711815 25085 infeasible   66       187.00000  135.00000  27.8%  31.4 3055s
 18740148 25531 infeasible   68       187.00000  135.00000  27.8%  31.4 3060s
 18769037 25452  135.00000   69   34  187.00000  135.00000  27.8%  31.4 3065s
 18799900 26187 infeasible   81       187.00000  135.00000  27.8%  31.5 3070s
 18831835 26576  135.00000   67   37  187.00000  135.00000  27.8%  31.5 3075s
 18864713 26844  135.00000   75   27  187.00000  135.00000  27.8%  31.5 3080s
 18897184 27087  160.00000   71   30  187.00000  135.00000  27.8%  31.5 3085s
 18926981 27171  135.00000   77   28  187.00000  135.00000  27.8%  31.5 3090s
 18957921 27262  135.00000   72   27  187.00000  135.00000  27.8%  31.5 3095s
 18988885 27580  135.00000   69   32  187.00000  135.00000  27.8%  31.5 3100s
 19018417 27889  135.00000   72   30  187.00000  135.00000  27.8%  31.5 3105s
 19050765 28321 infeasible   69       187.00000  135.00000  27.8%  31.5 3110s
 19084598 28237  135.00000   67   31  187.00000  135.00000  27.8%  31.5 3115s
 19113449 28054 infeasible   72       187.00000  135.00000  27.8%  31.5 3120s
 19143297 28489  135.00000   68   42  187.00000  135.00000  27.8%  31.5 3125s
 19173306 28697  135.00000   78   33  187.00000  135.00000  27.8%  31.5 3130s
 19203594 28698  135.00000   76   28  187.00000  135.00000  27.8%  31.5 3135s
 19235467 28766  135.00000   60   32  187.00000  135.00000  27.8%  31.5 3140s
 19266810 29322  135.00000   69   19  187.00000  135.00000  27.8%  31.5 3145s
 19297512 29606 infeasible   69       187.00000  135.00000  27.8%  31.5 3150s
 19328362 29688 infeasible   69       187.00000  135.00000  27.8%  31.5 3155s
 19360090 29743 infeasible   73       187.00000  135.00000  27.8%  31.5 3160s
 19391702 30007  135.00000   78   25  187.00000  135.00000  27.8%  31.5 3165s
 19419522 31029  135.00000   70   38  187.00000  135.00000  27.8%  31.5 3170s
 19448137 31436 infeasible   67       187.00000  135.00000  27.8%  31.5 3175s
 19477020 31408  135.00000   78   27  187.00000  135.00000  27.8%  31.5 3180s
 19505652 31496 infeasible   82       187.00000  135.00000  27.8%  31.5 3185s
 19533741 31781  135.00000   71   22  187.00000  135.00000  27.8%  31.6 3190s
 19563219 31917  135.00000   65   10  187.00000  135.00000  27.8%  31.6 3195s
 19589855 32234 infeasible   66       187.00000  135.00000  27.8%  31.6 3200s
 19618260 32380 infeasible   74       187.00000  135.00000  27.8%  31.6 3205s
 19646076 32366 infeasible   71       187.00000  135.00000  27.8%  31.6 3210s
 19674686 32464 infeasible   79       187.00000  135.00000  27.8%  31.6 3215s
 19702468 33044  135.00000   83   37  187.00000  135.00000  27.8%  31.6 3220s
 19732851 33697 infeasible   72       187.00000  135.00000  27.8%  31.6 3225s
 19764275 33837 infeasible   74       187.00000  135.00000  27.8%  31.6 3230s
 19793123 34212 infeasible   58       187.00000  135.00000  27.8%  31.6 3235s
 19821081 35002  160.00000   75   44  187.00000  135.00000  27.8%  31.6 3240s
 19845965 35519  135.00000   69   18  187.00000  135.00000  27.8%  31.6 3245s
 19873512 36168  135.00000   73   32  187.00000  135.00000  27.8%  31.6 3250s
 19901488 36254 infeasible   77       187.00000  135.00000  27.8%  31.6 3255s
 19930214 36378 infeasible   76       187.00000  135.00000  27.8%  31.6 3260s
 19957495 36389 infeasible   85       187.00000  135.00000  27.8%  31.6 3265s
 19986936 36509 infeasible   75       187.00000  135.00000  27.8%  31.7 3270s
 20014996 36573 infeasible   74       187.00000  135.00000  27.8%  31.7 3275s
 20042982 36759  135.00000   71   47  187.00000  135.00000  27.8%  31.7 3280s
 20071080 37013  135.00000   70   40  187.00000  135.00000  27.8%  31.7 3285s
 20099617 37054 infeasible   80       187.00000  135.00000  27.8%  31.7 3290s
 20126536 37013 infeasible   71       187.00000  135.00000  27.8%  31.7 3295s
 20154567 37134 infeasible   81       187.00000  135.00000  27.8%  31.7 3300s
 20183455 37022 infeasible   66       187.00000  135.00000  27.8%  31.7 3305s
 20209135 37142  135.00000   68   30  187.00000  135.00000  27.8%  31.7 3310s
 20234348 37136  135.00000   71   28  187.00000  135.00000  27.8%  31.7 3315s
 20262879 37275 infeasible   78       187.00000  135.00000  27.8%  31.7 3320s
 20292139 37764 infeasible   66       187.00000  135.00000  27.8%  31.7 3325s
 20321157 37842  135.00000   69   24  187.00000  135.00000  27.8%  31.7 3330s
 20350111 37857 infeasible   71       187.00000  135.00000  27.8%  31.8 3335s
 20378269 37700  135.00000   74   28  187.00000  135.00000  27.8%  31.8 3340s
 20406351 37451 infeasible   65       187.00000  135.00000  27.8%  31.8 3345s
 20435539 37326  135.00000   68   31  187.00000  135.00000  27.8%  31.8 3350s
 20463327 37245  135.00000   64   23  187.00000  135.00000  27.8%  31.8 3355s
 20494302 37133  160.00000   77   34  187.00000  135.00000  27.8%  31.8 3360s
 20527621 36917 infeasible   73       187.00000  135.00000  27.8%  31.8 3365s
 20560535 36862  135.00000   69   47  187.00000  135.00000  27.8%  31.8 3370s
 20590427 36926  135.00000   73   40  187.00000  135.00000  27.8%  31.8 3375s
 20617227 37527 infeasible   72       187.00000  135.00000  27.8%  31.8 3380s
 20648155 38043 infeasible   76       187.00000  135.00000  27.8%  31.8 3385s
 20678160 37938 infeasible   76       187.00000  135.00000  27.8%  31.8 3390s
 20709453 38009  135.00000   75   39  187.00000  135.00000  27.8%  31.8 3395s
 20740457 38061  135.00000   71   37  187.00000  135.00000  27.8%  31.8 3400s
 20771574 38105  135.00000   72   34  187.00000  135.00000  27.8%  31.8 3405s
 20804407 38239  135.00000   75   33  187.00000  135.00000  27.8%  31.8 3410s
 20836318 37263  135.00000   77   19  187.00000  135.00000  27.8%  31.8 3415s
 20865888 34621  160.00000   76   34  187.00000  160.00000  14.4%  31.8 3420s
 20892369 33308 infeasible   70       187.00000  160.00000  14.4%  31.8 3425s
 20919632 32216 infeasible   76       187.00000  160.00000  14.4%  31.8 3430s
 20946436 31687  160.00000   66   36  187.00000  160.00000  14.4%  31.8 3435s
 20973888 31723 infeasible   67       187.00000  160.00000  14.4%  31.8 3440s
 21001891 31736  160.00000   62   22  187.00000  160.00000  14.4%  31.8 3445s
 21030453 31478 infeasible   79       187.00000  160.00000  14.4%  31.8 3450s
 21060893 30631 infeasible   81       187.00000  160.00000  14.4%  31.8 3455s
 21087254 30520  160.00000   70   29  187.00000  160.00000  14.4%  31.8 3460s
 21113894 29770 infeasible   76       187.00000  160.00000  14.4%  31.9 3465s
 21141094 29382 infeasible   73       187.00000  160.00000  14.4%  31.9 3470s
 21168057 28959 infeasible   71       187.00000  160.00000  14.4%  31.9 3475s
 21196004 28390 infeasible   70       187.00000  160.00000  14.4%  31.9 3480s
 21224385 27347  160.00000   67   21  187.00000  160.00000  14.4%  31.9 3485s
 21253239 27522  160.00000   67   25  187.00000  160.00000  14.4%  31.9 3490s
 21282085 27386  160.00000   72   27  187.00000  160.00000  14.4%  31.9 3495s
 21309937 27379  160.00000   72   31  187.00000  160.00000  14.4%  31.9 3500s
 21333915 27460  160.00000   71   38  187.00000  160.00000  14.4%  31.9 3505s
 21361651 27104 infeasible   71       187.00000  160.00000  14.4%  31.9 3510s
 21390785 26576  160.00000   74   37  187.00000  160.00000  14.4%  31.9 3515s
 21418486 26527 infeasible   74       187.00000  160.00000  14.4%  31.9 3520s
 21445559 26238  160.00000   62   25  187.00000  160.00000  14.4%  31.9 3525s
 21474617 26120  160.00000   62   15  187.00000  160.00000  14.4%  31.9 3530s
 21504007 25869  160.00000   62   31  187.00000  160.00000  14.4%  31.9 3535s
 21534013 25427  160.00000   75   18  187.00000  160.00000  14.4%  31.9 3540s
 21562171 25683 infeasible   69       187.00000  160.00000  14.4%  32.0 3545s
 21589465 25927  160.00000   80   23  187.00000  160.00000  14.4%  32.0 3550s
 21618085 25943  160.00000   62   29  187.00000  160.00000  14.4%  32.0 3555s
 21645803 25806 infeasible   83       187.00000  160.00000  14.4%  32.0 3560s
 21673380 25681  160.00000   66   34  187.00000  160.00000  14.4%  32.0 3565s
 21700776 25671 infeasible   78       187.00000  160.00000  14.4%  32.0 3570s
 21729310 25574 infeasible   77       187.00000  160.00000  14.4%  32.0 3575s
 21754930 25443  160.00000   75   35  187.00000  160.00000  14.4%  32.0 3580s
 21783270 25227  160.00000   82   18  187.00000  160.00000  14.4%  32.0 3585s
 21812557 24824  160.00000   62   36  187.00000  160.00000  14.4%  32.0 3590s
 21838708 24866 infeasible   85       187.00000  160.00000  14.4%  32.0 3595s
 21865443 24960 infeasible   72       187.00000  160.00000  14.4%  32.0 3600s
 21892124 24761  160.00000   69   31  187.00000  160.00000  14.4%  32.0 3605s
 21918900 24912 infeasible   71       187.00000  160.00000  14.4%  32.0 3610s
 21945151 24953  160.00000   70   32  187.00000  160.00000  14.4%  32.0 3615s
 21972276 24745 infeasible   77       187.00000  160.00000  14.4%  32.0 3620s
 21998895 24608 infeasible   64       187.00000  160.00000  14.4%  32.1 3625s
 22026863 24800  160.00000   67   36  187.00000  160.00000  14.4%  32.1 3630s
 22054348 24595  160.00000   67   20  187.00000  160.00000  14.4%  32.1 3635s
 22082347 24257 infeasible   76       187.00000  160.00000  14.4%  32.1 3640s
 22109922 24287  160.00000   75   29  187.00000  160.00000  14.4%  32.1 3645s
 22133368 24018  160.00000   74   36  187.00000  160.00000  14.4%  32.1 3650s
 22162158 23393  160.00000   68   24  187.00000  160.00000  14.4%  32.1 3655s
 22189112 22754 infeasible   76       187.00000  160.00000  14.4%  32.1 3660s
 22217361 22190 infeasible   89       187.00000  160.00000  14.4%  32.1 3665s
 22243122 21824  160.00000   70   33  187.00000  160.00000  14.4%  32.1 3670s
 22269123 22074 infeasible   76       187.00000  160.00000  14.4%  32.1 3675s
 22294852 22062 infeasible   74       187.00000  160.00000  14.4%  32.1 3680s
 22321046 21910 infeasible   67       187.00000  160.00000  14.4%  32.1 3685s
 22348526 21753 infeasible   74       187.00000  160.00000  14.4%  32.1 3690s
 22374691 21708 infeasible   78       187.00000  160.00000  14.4%  32.2 3695s
 22401988 21003 infeasible   67       187.00000  160.00000  14.4%  32.2 3700s
 22428077 20607  160.00000   74   33  187.00000  160.00000  14.4%  32.2 3705s
 22455850 18280  170.00000   67   25  187.00000  170.00000  9.09%  32.2 3710s
 22483180 18226 infeasible   74       187.00000  170.00000  9.09%  32.2 3715s
 22509192 18076  170.00000   68   32  187.00000  170.00000  9.09%  32.2 3720s
 22531179 17946 infeasible   74       187.00000  170.00000  9.09%  32.2 3725s
 22558255 17506  170.00000   72   36  187.00000  170.00000  9.09%  32.2 3730s
 22585662 16232 infeasible   71       187.00000  170.00000  9.09%  32.2 3735s
 22613562 14846  170.00000   64   39  187.00000  170.00000  9.09%  32.2 3740s
 22639523 14033 infeasible   73       187.00000  170.00000  9.09%  32.2 3745s
 22667703 13237 infeasible   71       187.00000  170.00000  9.09%  32.2 3750s
 22694888 11747  170.00000   67   41  187.00000  170.00000  9.09%  32.2 3755s
 22723314 10604  170.00000   80   28  187.00000  170.00000  9.09%  32.2 3760s
 22750086 10266  170.00000   77   30  187.00000  170.00000  9.09%  32.2 3765s
 22776599  9528 infeasible   71       187.00000  170.00000  9.09%  32.2 3770s
 22805936  8745  170.00000   76   24  187.00000  170.00000  9.09%  32.3 3775s
 22834004  7094 infeasible   69       187.00000  170.00000  9.09%  32.3 3780s
 22861221  6999 infeasible   69       187.00000  170.00000  9.09%  32.3 3785s
 22888379  6472 infeasible   73       187.00000  170.00000  9.09%  32.3 3790s
 22915457  5260 infeasible   71       187.00000  170.00000  9.09%  32.3 3795s
 22941390  4756 infeasible   74       187.00000  170.00000  9.09%  32.3 3800s
 22969494  3637 infeasible   75       187.00000  170.00000  9.09%  32.3 3805s
 22994829  3274 infeasible   68       187.00000  170.00000  9.09%  32.3 3810s
 23022357  2543 infeasible   73       187.00000  170.00000  9.09%  32.3 3815s
 23049854  1292 infeasible   73       187.00000  170.00000  9.09%  32.3 3820s
 23076462   998  170.00000   80   35  187.00000  170.00000  9.09%  32.3 3825s

Cutting planes:
  Learned: 11
  Gomory: 3
  Cover: 4
  Implied bound: 17
  MIR: 7
  Mixing: 1
  Flow cover: 81
  Inf proof: 1
  RLT: 12
  Relax-and-lift: 5
  BQP: 2

Explored 23099797 nodes (746157214 simplex iterations) in 3829.26 seconds (6843.43 work units)
Thread count was 8 (of 192 available processors)

Solution count 10: 187 187 187 ... 522

Optimal solution found (tolerance 1.00e-04)
Best objective 1.870000000000e+02, best bound 1.870000000000e+02, gap 0.0000%

User-callback calls 48719425, time in user-callback 6.97 sec

AVANT CALCUL DES AUTRES INDICATEURS
Obj_rho = 33
Obj_lambda = 1
Obj_phi = 0
AVANT CALCUL DES AUTRES INDICATEURS
Obj_rho = 33
Obj_lambda = 1
Obj_phi = 0
✅ Solution trouvée (status: OPTIMAL)
🎯 Objective global: 187.0
⏱️ Time used: 3829.27
Nombre de vols satisfaits: 196
Nombre de vols non satisfaits: 0

✈️ Paths for each aircraft:

🛩️ Aircraft N607AS path (28 nodes): s_(u=0, v=0, w=0) ➡️  N607AS_(u=3313, v=28, w=6) ➡️  ANC_SEA_162_428_(u=3487, v=29, w=6) ➡️  SEA_ANC_582_739_(u=3681, v=30, w=6) ➡️  ANC_SEA_1062_1344_(u=3869, v=31, w=6) ➡️  SEA_SJC_1855_1984_(u=3979, v=32, w=7) ➡️  SJC_SEA_2047_2171_(u=4076, v=33, w=7) ➡️  SEA_SBA_2265_2429_(u=4207, v=34, w=7) ➡️  SBA_SEA_2482_2633_(u=4323, v=35, w=7) ➡️  SEA_PDX_2732_2790_(u=4352, v=36, w=7) ➡️  PDX_SEA_3178_3252_(u=4388, v=37, w=8) ➡️  SEA_LAS_3342_3511_(u=4516, v=38, w=8) ➡️  LAS_SEA_3563_3728_(u=4651, v=39, w=8) ➡️  SEA_LAS_3857_4005_(u=4775, v=40, w=8) ➡️  LAS_SEA_4086_4272_(u=4919, v=41, w=8) ➡️  SEA_PHX_4668_4915_(u=5056, v=42, w=9) ➡️  PHX_SEA_4965_5107_(u=5231, v=43, w=9) ➡️  SEA_SAN_5176_5324_(u=5356, v=44, w=9) ➡️  SAN_SEA_5397_5572_(u=5508, v=45, w=9) ➡️  SEA_SLC_6187_6360_(u=5600, v=46, w=10) ➡️  SLC_SEA_6449_6557_(u=5712, v=47, w=10) ➡️  SEA_LAX_6651_6804_(u=5834, v=48, w=10) ➡️  LAX_SEA_6863_7042_(u=5987, v=49, w=10) ➡️  SEA_FLL_7746_8300_(u=320, v=1, w=1) ➡️  FLL_SEA_8359_8570_(u=679, v=2, w=1) ➡️  SEA_SFO_8995_9134_(u=767, v=3, w=2) ➡️  SFO_JAC_9215_9444_(u=916, v=4, w=2) ➡️  JAC_SFO_9493_9582_(u=1028, v=5, w=2) ➡️  SFO_PDX_9628_9744_(u=1124, v=6, w=2) ➡️  PDX_SFO_9826_9943_(u=1199, v=7, w=2) ➡️  t_(u=0, v=0, w=0)

🛩️ Aircraft N585AS path (26 nodes): s_(u=0, v=0, w=0) ➡️  N585AS_(u=0, v=0, w=1) ➡️  ANC_SEA_137_389_(u=173, v=1, w=1) ➡️  SEA_ANC_479_633_(u=366, v=2, w=1) ➡️  ANC_SEA_715_980_(u=547, v=3, w=1) ➡️  SEA_LAS_1064_1207_(u=657, v=4, w=1) ➡️  LAS_SFO_1317_1401_(u=723, v=5, w=1) ➡️  SFO_ORD_1859_2247_(u=955, v=6, w=2) ➡️  ORD_SFO_2309_2462_(u=1200, v=7, w=2) ➡️  SFO_AUS_2533_2855_(u=1377, v=8, w=2) ➡️  AUS_SFO_3432_3558_(u=1587, v=9, w=3) ➡️  SFO_SEA_3655_3795_(u=1696, v=10, w=3) ➡️  SEA_ATL_3841_4313_(u=1960, v=11, w=3) ➡️  ATL_SEA_4752_4910_(u=2247, v=12, w=4) ➡️  SEA_RDM_4991_5054_(u=2285, v=13, w=4) ➡️  RDM_SEA_5133_5199_(u=2333, v=14, w=4) ➡️  SEA_ANC_5295_5444_(u=2522, v=15, w=4) ➡️  ANC_SEA_5503_5765_(u=2703, v=16, w=4) ➡️  SEA_DAL_6207_6549_(u=2902, v=17, w=5) ➡️  DAL_SEA_6619_6766_(u=3152, v=18, w=5) ➡️  SEA_STL_6837_7194_(u=3351, v=19, w=5) ➡️  STL_SEA_7614_7836_(u=3583, v=20, w=6) ➡️  SEA_PHX_8018_8241_(u=3721, v=21, w=6) ➡️  PHX_ANC_8336_8626_(u=4098, v=22, w=6) ➡️  ANC_SEA_8684_8926_(u=4256, v=23, w=7) ➡️  SEA_SAN_9117_9279_(u=4370, v=24, w=7) ➡️  SAN_MCO_9359_9801_(u=4606, v=25, w=7) ➡️  MCO_SEA_9867_10065_(u=4952, v=26, w=7) ➡️  t_(u=0, v=0, w=0)

🛩️ Aircraft N317AS path (30 nodes): s_(u=0, v=0, w=0) ➡️  N317AS_(u=0, v=0, w=1) ➡️  FAI_SEA_201_455_(u=177, v=1, w=1) ➡️  SEA_LAX_528_675_(u=298, v=2, w=1) ➡️  LAX_SEA_743_917_(u=446, v=3, w=1) ➡️  SEA_SFO_990_1113_(u=549, v=4, w=1) ➡️  SFO_SEA_1177_1307_(u=648, v=5, w=1) ➡️  SEA_ORD_1401_1741_(u=851, v=6, w=1) ➡️  ORD_SEA_1807_1944_(u=1079, v=7, w=2) ➡️  SEA_IAD_2038_2527_(u=1351, v=8, w=2) ➡️  IAD_SEA_2584_2741_(u=1660, v=9, w=2) ➡️  SEA_ANC_3375_3530_(u=1851, v=10, w=3) ➡️  ANC_SEA_3593_3853_(u=2034, v=11, w=3) ➡️  SEA_ONT_3941_4070_(u=2144, v=12, w=3) ➡️  ONT_SEA_4675_4856_(u=2300, v=13, w=4) ➡️  SEA_DCA_4891_5368_(u=2571, v=14, w=4) ➡️  DCA_SEA_5437_5593_(u=2886, v=15, w=4) ➡️  SEA_MSP_6233_6559_(u=3057, v=16, w=5) ➡️  MSP_SEA_6615_6760_(u=3255, v=17, w=5) ➡️  SEA_SNA_6813_6972_(u=3382, v=18, w=5) ➡️  SNA_SEA_7009_7192_(u=3536, v=19, w=5) ➡️  SEA_PHX_7626_7841_(u=3671, v=20, w=6) ➡️  PHX_SEA_7908_8038_(u=3832, v=21, w=6) ➡️  SEA_PHX_8109_8330_(u=3968, v=22, w=6) ➡️  PHX_SEA_8407_8537_(u=4132, v=23, w=6) ➡️  SEA_ORD_8600_8957_(u=4340, v=24, w=6) ➡️  ORD_PDX_9026_9156_(u=4572, v=25, w=7) ➡️  PDX_SEA_9262_9310_(u=4604, v=26, w=7) ➡️  SEA_BOI_9372_9523_(u=4666, v=27, w=7) ➡️  BOI_SEA_9582_9616_(u=4740, v=28, w=7) ➡️  SEA_LIH_9718_9994_(u=5085, v=29, w=7) ➡️  LIH_SAN_10060_10521_(u=5404, v=30, w=7) ➡️  t_(u=0, v=0, w=0)

🛩️ Aircraft N587AS path (29 nodes): s_(u=0, v=0, w=0) ➡️  N587AS_(u=4023, v=34, w=7) ➡️  JNU_SEA_310_514_(u=4139, v=35, w=7) ➡️  SEA_PIT_580_1048_(u=4397, v=36, w=7) ➡️  PIT_SEA_1104_1236_(u=4671, v=37, w=7) ➡️  SEA_SLC_1846_2021_(u=4767, v=38, w=8) ➡️  SLC_SEA_2122_2206_(u=4868, v=39, w=8) ➡️  SEA_SJC_2247_2382_(u=4985, v=40, w=8) ➡️  SJC_SEA_2432_2554_(u=5080, v=41, w=8) ➡️  SEA_ANC_2874_3028_(u=5273, v=42, w=8) ➡️  ANC_SEA_3102_3363_(u=5447, v=43, w=9) ➡️  SEA_ANC_3462_3616_(u=5635, v=44, w=9) ➡️  ANC_JNU_4064_4188_(u=5728, v=45, w=9) ➡️  JNU_SIT_4227_4276_(u=5751, v=46, w=9) ➡️  SIT_JNU_4672_4708_(u=5774, v=47, w=10) ➡️  JNU_ANC_4773_4879_(u=5862, v=48, w=10) ➡️  ANC_BET_4949_5073_(u=5919, v=49, w=10) ➡️  BET_ANC_5111_5186_(u=5980, v=50, w=10) ➡️  ANC_JNU_6410_6511_(u=83, v=1, w=1) ➡️  JNU_PSG_6558_6607_(u=113, v=2, w=1) ➡️  PSG_WRG_6650_6684_(u=129, v=3, w=1) ➡️  WRG_KTN_6726_6760_(u=151, v=4, w=1) ➡️  KTN_SEA_6808_6973_(u=241, v=5, w=1) ➡️  SEA_DFW_7182_7527_(u=438, v=6, w=1) ➡️  DFW_SEA_7641_7776_(u=664, v=7, w=2) ➡️  SEA_DFW_7967_8313_(u=862, v=8, w=2) ➡️  DFW_SEA_8423_8562_(u=1094, v=9, w=2) ➡️  SEA_PHX_9068_9279_(u=1227, v=10, w=3) ➡️  PHX_SEA_9344_9480_(u=1396, v=11, w=3) ➡️  SEA_DEN_9579_9790_(u=1526, v=12, w=3) ➡️  DEN_SEA_9846_9966_(u=1681, v=13, w=3) ➡️  t_(u=0, v=0, w=0)

🛩️ Aircraft N284AK path (25 nodes): s_(u=0, v=0, w=0) ➡️  N284AK_(u=0, v=0, w=1) ➡️  PHX_PDX_356_453_(u=138, v=1, w=1) ➡️  PDX_FLL_541_1050_(u=449, v=2, w=1) ➡️  FLL_SFO_1118_1320_(u=802, v=3, w=1) ➡️  SFO_FLL_1383_1870_(u=1079, v=4, w=1) ➡️  FLL_PDX_2018_2231_(u=1440, v=5, w=2) ➡️  PDX_JFK_2322_2828_(u=1728, v=6, w=2) ➡️  JFK_PSP_3414_3583_(u=2053, v=7, w=3) ➡️  PSP_SEA_3697_3873_(u=2207, v=8, w=3) ➡️  SEA_PHX_4087_4345_(u=2343, v=9, w=3) ➡️  PHX_SEA_4706_4849_(u=2522, v=10, w=4) ➡️  SEA_PIT_4922_5383_(u=2766, v=11, w=4) ➡️  PIT_SEA_5447_5576_(u=3054, v=12, w=4) ➡️  SEA_LIH_6321_6593_(u=3415, v=13, w=5) ➡️  LIH_SEA_6647_7117_(u=3731, v=14, w=5) ➡️  SEA_SNA_7578_7729_(u=3856, v=15, w=6) ➡️  SNA_SEA_7783_7960_(u=4016, v=16, w=6) ➡️  SEA_OAK_8006_8114_(u=4108, v=17, w=6) ➡️  OAK_SEA_8157_8285_(u=4207, v=18, w=6) ➡️  SEA_SMF_8335_8455_(u=4282, v=19, w=6) ➡️  SMF_SEA_8490_8613_(u=4385, v=20, w=6) ➡️  SEA_SNA_9008_9175_(u=4496, v=21, w=7) ➡️  SNA_SEA_9239_9448_(u=4681, v=22, w=7) ➡️  SEA_BUR_9508_9638_(u=4788, v=23, w=7) ➡️  BUR_SEA_9709_9913_(u=4950, v=24, w=7) ➡️  SEA_FAI_10053_10220_(u=5154, v=25, w=7) ➡️  t_(u=0, v=0, w=0)

🛩️ Aircraft N320AS path (29 nodes): s_(u=0, v=0, w=0) ➡️  N320AS_(u=0, v=0, w=1) ➡️  SJC_SEA_364_507_(u=106, v=1, w=1) ➡️  SEA_PHX_570_794_(u=247, v=2, w=1) ➡️  PHX_SEA_857_991_(u=412, v=3, w=1) ➡️  SEA_BUR_1045_1181_(u=530, v=4, w=1) ➡️  BUR_SEA_1268_1435_(u=668, v=5, w=1) ➡️  SEA_ORD_1795_2159_(u=878, v=6, w=2) ➡️  ORD_PDX_2215_2349_(u=1113, v=7, w=2) ➡️  PDX_ONT_2434_2569_(u=1235, v=8, w=2) ➡️  ONT_PDX_2628_2754_(u=1346, v=9, w=2) ➡️  PDX_ANC_2866_3034_(u=1549, v=10, w=2) ➡️  ANC_SEA_3168_3438_(u=1731, v=11, w=3) ➡️  SEA_IAD_3504_3971_(u=1996, v=12, w=3) ➡️  IAD_SEA_4030_4189_(u=2305, v=13, w=3) ➡️  SEA_SMF_4248_4369_(u=2386, v=14, w=3) ➡️  SMF_SEA_4703_4832_(u=2485, v=15, w=4) ➡️  SEA_CLE_4925_5380_(u=2720, v=16, w=4) ➡️  CLE_SEA_5435_5585_(u=2996, v=17, w=4) ➡️  SEA_SMF_5645_5755_(u=3077, v=18, w=4) ➡️  SMF_SEA_6112_6231_(u=3173, v=19, w=5) ➡️  SEA_ATL_6289_6758_(u=3439, v=20, w=5) ➡️  ATL_SEA_6839_6970_(u=3730, v=21, w=5) ➡️  SEA_SMF_7089_7200_(u=3816, v=22, w=5) ➡️  SMF_SEA_7553_7682_(u=3912, v=23, w=6) ➡️  SEA_MCI_7916_8251_(u=4097, v=24, w=6) ➡️  MCI_SEA_8308_8432_(u=4297, v=25, w=6) ➡️  SEA_JNU_8494_8605_(u=4443, v=26, w=6) ➡️  JNU_SEA_9259_9463_(u=4542, v=27, w=7) ➡️  SEA_PHX_9550_9765_(u=4678, v=28, w=7) ➡️  PHX_SEA_9831_9982_(u=4861, v=29, w=7) ➡️  t_(u=0, v=0, w=0)

🛩️ Aircraft N277AK path (29 nodes): s_(u=0, v=0, w=0) ➡️  N277AK_(u=0, v=0, w=1) ➡️  SEA_FAT_375_503_(u=113, v=1, w=1) ➡️  FAT_SEA_559_687_(u=221, v=2, w=1) ➡️  SEA_ANC_799_933_(u=399, v=3, w=1) ➡️  ANC_SEA_1660_1931_(u=590, v=4, w=2) ➡️  SEA_ANC_2030_2168_(u=766, v=5, w=2) ➡️  ANC_CDV_2249_2310_(u=803, v=6, w=2) ➡️  CDV_YAK_2357_2404_(u=841, v=7, w=2) ➡️  YAK_JNU_2447_2500_(u=875, v=8, w=2) ➡️  JNU_SEA_2569_2776_(u=992, v=9, w=2) ➡️  SEA_IAH_2838_3229_(u=1224, v=10, w=2) ➡️  IAH_SEA_3299_3463_(u=1468, v=11, w=3) ➡️  SEA_DEN_3550_3770_(u=1604, v=12, w=3) ➡️  DEN_SEA_3827_3928_(u=1743, v=13, w=3) ➡️  SEA_SAN_4005_4151_(u=1864, v=14, w=3) ➡️  SAN_TPA_4795_5235_(u=2097, v=15, w=4) ➡️  TPA_SAN_5307_5449_(u=2385, v=16, w=4) ➡️  SAN_SEA_5512_5695_(u=2539, v=17, w=4) ➡️  SEA_LAS_6225_6362_(u=2650, v=18, w=5) ➡️  LAS_SEA_6427_6598_(u=2796, v=19, w=5) ➡️  SEA_PHX_6669_6910_(u=2929, v=20, w=5) ➡️  PHX_SEA_6965_7117_(u=3108, v=21, w=5) ➡️  SEA_PDX_7152_7210_(u=3137, v=22, w=5) ➡️  PDX_SEA_7495_7564_(u=3169, v=23, w=6) ➡️  SEA_LIH_7702_8038_(u=3501, v=24, w=6) ➡️  LIH_SEA_8108_8604_(u=3841, v=25, w=6) ➡️  SEA_MSP_9120_9435_(u=4016, v=26, w=7) ➡️  MSP_SEA_9512_9628_(u=4206, v=27, w=7) ➡️  SEA_PHX_9672_9885_(u=4340, v=28, w=7) ➡️  PHX_SEA_9941_10089_(u=4524, v=29, w=7) ➡️  t_(u=0, v=0, w=0)

🛠️ Maintenance at node SEA_FLL_7746_8300 by aircraft N607AS | ρ=13; λ=1; φ=0
🛠️ Maintenance at node ANC_JNU_6410_6511 by aircraft N587AS | ρ=20; λ=0; φ=0

Nombre de maintenances au total: 2.0
Stations de maintenance utilisées: Any["SEA", "ANC"]
Nombre de stations de maintenance utilisées: 2
