INSTANCE 181FL_7A_8
PREPROCESSING : false
-----------------------INSTANCE 181FL_7A_8--------------------------
Gurobi 12.0.2 (linux64) logging started Sun Nov 30 19:18:20 2025

Set parameter LogFile to value "RESULTS_EXP/A_MTN_2/FC_MIN_DY_MAX/result_181FL_7A_8_without_prep.txt"
Set parameter LogToConsole to value 0

Gurobi 12.0.2 (linux64) logging started Sun Nov 30 19:18:22 2025

Set parameter LogFile to value "RESULTS_EXP/A_MTN_2/FC_MIN_DY_MAX/result_181FL_7A_8_without_prep.txt"
Gurobi Optimizer version 12.0.2 build v12.0.2rc0 (linux64 - "AlmaLinux 9.6 (Sage Margay)")

CPU model: Intel(R) Xeon(R) 6972P, instruction set [SSE2|AVX|AVX2|AVX512]
Thread count: 192 physical cores, 192 logical processors, using up to 8 threads

Non-default parameters:
TimeLimit  7200
LogToConsole  0
Threads  8

Optimize a model with 5813 rows, 1674 columns and 21573 nonzeros
Model fingerprint: 0xae30dc12
Variable types: 380 continuous, 1294 integer (1100 binary)
Coefficient statistics:
  Matrix range     [1e+00, 5e+01]
  Objective range  [2e+01, 1e+03]
  Bounds range     [1e+00, 5e+01]
  RHS range        [1e+00, 5e+01]
Presolve removed 2010 rows and 631 columns
Presolve time: 0.07s
Presolved: 3803 rows, 1043 columns, 23556 nonzeros
Variable types: 146 continuous, 897 integer (753 binary)

Root relaxation: objective 0.000000e+00, 596 iterations, 0.02 seconds (0.02 work units)

    Nodes    |    Current Node    |     Objective Bounds      |     Work
 Expl Unexpl |  Obj  Depth IntInf | Incumbent    BestBd   Gap | It/Node Time

     0     0    0.00000    0    5          -    0.00000      -     -    0s
H    0     0                    8684.0000000    0.00000   100%     -    0s
H    0     0                    6260.0000000    0.00000   100%     -    0s
     0     0    0.00000    0   10 6260.00000    0.00000   100%     -    0s
     0     0    0.00000    0    9 6260.00000    0.00000   100%     -    0s
     0     0    0.00000    0    7 6260.00000    0.00000   100%     -    0s
H    0     0                    3886.0000000    0.00000   100%     -    0s
     0     0    0.00000    0    7 3886.00000    0.00000   100%     -    0s
     0     0    0.00000    0    5 3886.00000    0.00000   100%     -    0s
     0     0    0.00000    0    5 3886.00000    0.00000   100%     -    0s
     0     0    0.00000    0    5 3886.00000    0.00000   100%     -    0s
H    0     0                    3736.0000000    0.00000   100%     -    0s
     0     0    0.00000    0    5 3736.00000    0.00000   100%     -    0s
     0     0    0.00000    0    5 3736.00000    0.00000   100%     -    0s
H    0     0                    1362.0000000    0.00000   100%     -    0s
     0     0    0.00000    0    2 1362.00000    0.00000   100%     -    0s
     0     0    0.00000    0    7 1362.00000    0.00000   100%     -    0s
     0     0    0.00000    0    9 1362.00000    0.00000   100%     -    0s
H    0     0                     450.0000000    0.00000   100%     -    0s
H    0     0                     250.0000000    0.00000   100%     -    0s
     0     0    0.00000    0   13  250.00000    0.00000   100%     -    0s
H    0     0                     225.0000000    0.00000   100%     -    0s
H    0     0                     200.0000000    0.00000   100%     -    0s
     0     0    0.00000    0    3  200.00000    0.00000   100%     -    0s
H    0     0                     175.0000000    0.00000   100%     -    0s
     0     0    0.00000    0    7  175.00000    0.00000   100%     -    0s
     0     0    0.00000    0    5  175.00000    0.00000   100%     -    0s
     0     0    0.00000    0    5  175.00000    0.00000   100%     -    0s
     0     0    0.00000    0    5  175.00000    0.00000   100%     -    0s
     0     0    0.00000    0    5  175.00000    0.00000   100%     -    0s
     0     2    0.00000    0    5  175.00000    0.00000   100%     -    0s
H   26   131                     125.0000000    0.00000   100%  25.2    1s
H  148   259                     100.0000000    0.00000   100%  23.8    1s
*  751   458              35      75.0000000    0.00000   100%  15.9    1s
H 1816   650                      50.0000000    0.00000   100%  15.4    1s
 28836  3222    0.00000   32   17   50.00000    0.00000   100%  22.2    5s
 59466  4236 infeasible   51        50.00000    0.00000   100%  21.3   10s
 118996  5326 infeasible   34        50.00000    0.00000   100%  19.9   15s
 173501  7840    0.00000   42    5   50.00000    0.00000   100%  19.9   20s
 230432  8627    0.00000   40    5   50.00000    0.00000   100%  19.4   25s
 284177  8783    0.00000   50    3   50.00000    0.00000   100%  19.5   30s
 333389  9895 infeasible   52        50.00000    0.00000   100%  19.8   35s
 391200 10014 infeasible   35        50.00000    0.00000   100%  19.6   40s
 445406 11570 infeasible   44        50.00000    0.00000   100%  19.5   45s
 511582 13639    0.00000   38    7   50.00000    0.00000   100%  19.1   50s
 571209 14600   25.00000   44    6   50.00000    0.00000   100%  19.0   55s
 617996 15101    0.00000   40   17   50.00000    0.00000   100%  19.3   60s
 665846 16038    0.00000   38   12   50.00000    0.00000   100%  19.5   65s
 728429 18846    0.00000   36    6   50.00000    0.00000   100%  19.3   70s
 792407 22194    0.00000   51    1   50.00000    0.00000   100%  19.0   75s
 853523 25729 infeasible   41        50.00000    0.00000   100%  19.0   80s
 918868 26866 infeasible   45        50.00000    0.00000   100%  18.7   85s
 977173 29026    0.00000   36   12   50.00000    0.00000   100%  18.7   90s
 1038734 29585 infeasible   44        50.00000    0.00000   100%  18.7   95s
 1098200 29664    0.00000   50    3   50.00000    0.00000   100%  18.6  100s
 1173143 29971    0.00000   42    4   50.00000    0.00000   100%  18.3  105s
 1229444 30088    0.00000   42    1   50.00000    0.00000   100%  18.4  110s
 1285587 30230 infeasible   45        50.00000    0.00000   100%  18.4  115s
 1352926 31588 infeasible   43        50.00000    0.00000   100%  18.2  120s
 1419676 32166    0.00000   36    5   50.00000    0.00000   100%  18.1  125s
 1493642 32623 infeasible   40        50.00000    0.00000   100%  17.8  130s
 1570223 32944    0.00000   42   11   50.00000    0.00000   100%  17.6  135s
 1632511 33808 infeasible   41        50.00000    0.00000   100%  17.6  140s
 1694634 35975 infeasible   49        50.00000    0.00000   100%  17.6  145s
 1753090 37374 infeasible   34        50.00000    0.00000   100%  17.6  150s
 1822381 39634    0.00000   29   11   50.00000    0.00000   100%  17.5  155s
 1890015 43877    0.00000   41    1   50.00000    0.00000   100%  17.5  160s
 1954592 47032 infeasible   44        50.00000    0.00000   100%  17.5  165s
 2027787 48734   25.00000   38    6   50.00000    0.00000   100%  17.4  170s
 2102545 49968    0.00000   41    6   50.00000    0.00000   100%  17.3  175s
 2175137 50942    0.00000   44    1   50.00000    0.00000   100%  17.3  180s
 2241875 51684 infeasible   47        50.00000    0.00000   100%  17.2  185s
 2299207 52390    0.00000   47    8   50.00000    0.00000   100%  17.3  190s
 2357338 52545   25.00000   53    8   50.00000    0.00000   100%  17.4  195s
 2425446 56128    0.00000   46    4   50.00000    0.00000   100%  17.3  200s
 2493367 55847    0.00000   48    5   50.00000    0.00000   100%  17.3  205s
 2566857 56046    0.00000   42   13   50.00000    0.00000   100%  17.2  210s
 2651420 56964 infeasible   51        50.00000    0.00000   100%  17.1  215s
 2738564 57924 infeasible   45        50.00000    0.00000   100%  16.9  220s
 2807742 58944    0.00000   48    1   50.00000    0.00000   100%  16.9  225s
 2885197 58870    0.00000   46    4   50.00000    0.00000   100%  16.8  230s
 2967441 59456    0.00000   46    6   50.00000    0.00000   100%  16.7  235s
 3049604 61323    0.00000   49    1   50.00000    0.00000   100%  16.6  240s
 3130551 62409 infeasible   47        50.00000    0.00000   100%  16.6  245s
 3216965 63841   25.00000   44    8   50.00000    0.00000   100%  16.5  250s
 3303096 65766 infeasible   38        50.00000    0.00000   100%  16.5  255s
 3378471 67016 infeasible   37        50.00000    0.00000   100%  16.5  260s
 3453418 68453    0.00000   41    5   50.00000    0.00000   100%  16.5  265s
 3530574 71491 infeasible   43        50.00000    0.00000   100%  16.5  270s
 3600468 75756    0.00000   50    1   50.00000    0.00000   100%  16.5  275s
 3668887 76937    0.00000   34    5   50.00000    0.00000   100%  16.6  280s
 3737874 80233 infeasible   39        50.00000    0.00000   100%  16.6  285s
 3802188 81921 infeasible   46        50.00000    0.00000   100%  16.7  290s
 3863840 84216    0.00000   34    8   50.00000    0.00000   100%  16.7  295s
 3938187 88484 infeasible   40        50.00000    0.00000   100%  16.8  300s
 4020533 89062 infeasible   44        50.00000    0.00000   100%  16.7  305s
 4113871 89246    0.00000   37    4   50.00000    0.00000   100%  16.7  310s
 4204047 89247    0.00000   42    1   50.00000    0.00000   100%  16.7  315s
 4281294 91553 infeasible   42        50.00000    0.00000   100%  16.7  320s
 4349375 100059 infeasible   41        50.00000    0.00000   100%  16.7  325s
 4427818 104334 infeasible   49        50.00000    0.00000   100%  16.7  330s
 4498660 105911   25.00000   38    8   50.00000    0.00000   100%  16.7  335s
 4594083 106908    0.00000   45    1   50.00000    0.00000   100%  16.7  340s
 4660845 108240    0.00000   44   14   50.00000    0.00000   100%  16.7  345s
 4713977 108751 infeasible   44        50.00000    0.00000   100%  16.8  350s
 4776481 110089 infeasible   48        50.00000    0.00000   100%  16.8  355s
 4843387 111563 infeasible   47        50.00000    0.00000   100%  16.9  360s
 4905968 112879 infeasible   42        50.00000    0.00000   100%  16.9  365s
 4966801 113483    0.00000   44   19   50.00000    0.00000   100%  17.0  370s
 5026277 113328    0.00000   44    4   50.00000    0.00000   100%  17.0  375s
 5098202 114522    0.00000   41    1   50.00000    0.00000   100%  17.1  380s
 5147163 116079    0.00000   44    2   50.00000    0.00000   100%  17.1  385s
 5198167 116915    0.00000   43    7   50.00000    0.00000   100%  17.2  390s
 5255623 118259 infeasible   41        50.00000    0.00000   100%  17.3  395s
 5319431 119024 infeasible   45        50.00000    0.00000   100%  17.3  400s
 5385202 119734 infeasible   38        50.00000    0.00000   100%  17.4  405s
 5448687 121383   25.00000   50    1   50.00000    0.00000   100%  17.4  410s
 5516699 123211    0.00000   31    3   50.00000    0.00000   100%  17.4  415s
 5597178 123492    0.00000   48   10   50.00000    0.00000   100%  17.4  420s
 5662005 123648 infeasible   38        50.00000    0.00000   100%  17.4  425s
 5712831 123959 infeasible   41        50.00000    0.00000   100%  17.5  430s
 5766395 124568 infeasible   50        50.00000    0.00000   100%  17.5  435s
 5835786 125521    0.00000   39    4   50.00000    0.00000   100%  17.5  440s
 5910999 125415    0.00000   45    8   50.00000    0.00000   100%  17.5  445s
 5983128 126738    0.00000   40   16   50.00000    0.00000   100%  17.5  450s
 6057677 126928    0.00000   44    9   50.00000    0.00000   100%  17.5  455s
 6127827 127647 infeasible   47        50.00000    0.00000   100%  17.5  460s
 6202445 128609    0.00000   40    4   50.00000    0.00000   100%  17.5  465s
 6280471 130015    0.00000   44   14   50.00000    0.00000   100%  17.5  470s
 6357416 129823 infeasible   50        50.00000    0.00000   100%  17.5  475s
 6422717 131117   25.00000   34    7   50.00000    0.00000   100%  17.5  480s
 6488537 132353 infeasible   44        50.00000    0.00000   100%  17.5  485s
 6552368 133655   25.00000   41    7   50.00000    0.00000   100%  17.5  490s
 6612203 134419 infeasible   44        50.00000    0.00000   100%  17.6  495s
 6693744 138051    0.00000   35    7   50.00000    0.00000   100%  17.5  500s
 6773250 141709    0.00000   39    7   50.00000    0.00000   100%  17.5  505s
 6832450 144367    0.00000   36    1   50.00000    0.00000   100%  17.6  510s
 6907314 146822    0.00000   32   10   50.00000    0.00000   100%  17.6  515s
 6980157 150057    0.00000   41    9   50.00000    0.00000   100%  17.6  520s
 7057308 152103 infeasible   43        50.00000    0.00000   100%  17.6  525s
 7131190 154405 infeasible   46        50.00000    0.00000   100%  17.6  530s
 7212882 158269    0.00000   46    1   50.00000    0.00000   100%  17.6  535s
 7290430 161039    0.00000   47    3   50.00000    0.00000   100%  17.5  540s
 7366229 163554    0.00000   48    1   50.00000    0.00000   100%  17.5  545s
 7442112 164431    0.00000   49    4   50.00000    0.00000   100%  17.5  550s
 7520952 165309 infeasible   38        50.00000    0.00000   100%  17.5  555s
 7593337 166212    0.00000   51   11   50.00000    0.00000   100%  17.5  560s
 7670380 167786    0.00000   43    9   50.00000    0.00000   100%  17.5  565s
 7745453 168744 infeasible   46        50.00000    0.00000   100%  17.5  570s
 7816576 170252    0.00000   48    5   50.00000    0.00000   100%  17.5  575s
 7886773 172647   25.00000   46    1   50.00000    0.00000   100%  17.5  580s
 7963307 174425    0.00000   54    1   50.00000    0.00000   100%  17.5  585s
 8040498 175250    0.00000   39   10   50.00000    0.00000   100%  17.5  590s
 8108437 176835   25.00000   47    2   50.00000    0.00000   100%  17.5  595s
 8175825 178391    0.00000   42   19   50.00000    0.00000   100%  17.5  600s
 8250719 180215 infeasible   50        50.00000    0.00000   100%  17.5  605s
 8329093 182002    0.00000   50    1   50.00000    0.00000   100%  17.5  610s
 8412037 182972    0.00000   47    3   50.00000    0.00000   100%  17.5  615s
 8489039 183394 infeasible   50        50.00000    0.00000   100%  17.5  620s
 8553328 183827 infeasible   51        50.00000    0.00000   100%  17.5  625s
 8630907 184543 infeasible   44        50.00000    0.00000   100%  17.5  630s
 8730375 185548    0.00000   40    7   50.00000    0.00000   100%  17.4  635s
 8812400 186640    0.00000   44   10   50.00000    0.00000   100%  17.4  640s
 8882011 186501    0.00000   41    8   50.00000    0.00000   100%  17.4  645s
 8956611 186688    0.00000   39    8   50.00000    0.00000   100%  17.4  650s
 9042220 187453    0.00000   49    4   50.00000    0.00000   100%  17.4  655s
 9117497 188397    0.00000   49    3   50.00000    0.00000   100%  17.4  660s
 9175457 188765    0.00000   51    6   50.00000    0.00000   100%  17.4  665s
 9236985 189256    0.00000   49    1   50.00000    0.00000   100%  17.5  670s
 9303089 191300 infeasible   53        50.00000    0.00000   100%  17.5  675s
 9366494 192517    0.00000   45    4   50.00000    0.00000   100%  17.5  680s
 9454004 192875    0.00000   42    9   50.00000    0.00000   100%  17.4  685s
 9533085 193958    0.00000   40    5   50.00000    0.00000   100%  17.4  690s
 9623019 195268    0.00000   42   23   50.00000    0.00000   100%  17.4  695s
 9721297 198354 infeasible   56        50.00000    0.00000   100%  17.3  700s
 9823816 199792 infeasible   47        50.00000    0.00000   100%  17.3  705s
 9921049 203002    0.00000   47    6   50.00000    0.00000   100%  17.2  710s
 10024642 204472   25.00000   46    1   50.00000    0.00000   100%  17.2  715s
 10127666 205122    0.00000   55    1   50.00000    0.00000   100%  17.1  720s
 10227841 205768 infeasible   55        50.00000    0.00000   100%  17.1  725s
 10313487 208512    0.00000   44    5   50.00000    0.00000   100%  17.1  730s
 10392604 209037 infeasible   52        50.00000    0.00000   100%  17.1  735s
 10464315 211962   25.00000   45    1   50.00000    0.00000   100%  17.1  740s
 10541422 213823    0.00000   45    8   50.00000    0.00000   100%  17.1  745s
 10613769 214948 infeasible   44        50.00000    0.00000   100%  17.1  750s
 10696978 215597    0.00000   41    1   50.00000    0.00000   100%  17.1  755s
 10774501 216657 infeasible   42        50.00000    0.00000   100%  17.1  760s
 10845427 219108 infeasible   49        50.00000    0.00000   100%  17.1  765s
 10924299 219539 infeasible   50        50.00000    0.00000   100%  17.1  770s
 11002751 221065 infeasible   46        50.00000    0.00000   100%  17.1  775s
 11083168 221389    0.00000   44   10   50.00000    0.00000   100%  17.1  780s
 11157117 223367 infeasible   52        50.00000    0.00000   100%  17.1  785s
 11218363 225085    0.00000   46   12   50.00000    0.00000   100%  17.1  790s
 11286345 227484   25.00000   48   13   50.00000    0.00000   100%  17.1  795s
 11352734 229394    0.00000   48    6   50.00000    0.00000   100%  17.1  800s
 11416199 231180 infeasible   45        50.00000    0.00000   100%  17.1  805s
 11483768 233107    0.00000   45    6   50.00000    0.00000   100%  17.2  810s
 11559966 235770   25.00000   43    1   50.00000    0.00000   100%  17.2  815s
 11623501 237699    0.00000   42   11   50.00000    0.00000   100%  17.2  820s
 11680889 240565    0.00000   45   11   50.00000    0.00000   100%  17.2  825s
 11741353 242586    0.00000   41   20   50.00000    0.00000   100%  17.2  830s
 11804991 244657    0.00000   44    9   50.00000    0.00000   100%  17.2  835s
 11870366 247532 infeasible   43        50.00000    0.00000   100%  17.3  840s
 11935804 249826    0.00000   49   11   50.00000    0.00000   100%  17.3  845s
 12005064 251190    0.00000   40   15   50.00000    0.00000   100%  17.3  850s
 12066403 252638    0.00000   47   19   50.00000    0.00000   100%  17.3  855s
 12127230 253763    0.00000   51    4   50.00000    0.00000   100%  17.3  860s
 12188600 254822 infeasible   33        50.00000    0.00000   100%  17.4  865s
 12258934 256128    0.00000   40   11   50.00000    0.00000   100%  17.4  870s
 12332833 257761    0.00000   39    9   50.00000    0.00000   100%  17.4  875s
 12410837 258050 infeasible   46        50.00000    0.00000   100%  17.4  880s
 12488235 258523    0.00000   44    8   50.00000    0.00000   100%  17.4  885s
 12564102 258941    0.00000   43    1   50.00000    0.00000   100%  17.4  890s
 12645670 259604 infeasible   49        50.00000    0.00000   100%  17.3  895s
 12721931 260600    0.00000   40    1   50.00000    0.00000   100%  17.3  900s
 12786439 261800    0.00000   39   11   50.00000    0.00000   100%  17.4  905s
 12842567 262545    0.00000   44    4   50.00000    0.00000   100%  17.4  910s
 12893861 262166    0.00000   36    5   50.00000    0.00000   100%  17.4  915s
 12961356 262462 infeasible   52        50.00000    0.00000   100%  17.4  920s
 13030892 262986 infeasible   44        50.00000    0.00000   100%  17.4  925s
 13092551 263540 infeasible   34        50.00000    0.00000   100%  17.4  930s
 13171706 266351    0.00000   34   10   50.00000    0.00000   100%  17.4  935s
 13242745 269797 infeasible   48        50.00000    0.00000   100%  17.4  940s
 13316636 272164    0.00000   40   14   50.00000    0.00000   100%  17.4  945s
 13379184 278315    0.00000   42    1   50.00000    0.00000   100%  17.4  950s
 13451885 282173 infeasible   54        50.00000    0.00000   100%  17.5  955s
 13521032 283953 infeasible   51        50.00000    0.00000   100%  17.5  960s
 13592719 286679    0.00000   50    1   50.00000    0.00000   100%  17.5  965s
 13665511 289216 infeasible   45        50.00000    0.00000   100%  17.5  970s
 13734579 290349   25.00000   42    1   50.00000    0.00000   100%  17.5  975s
 13806184 292465    0.00000   47    9   50.00000    0.00000   100%  17.5  980s
 13880275 294126    0.00000   45    8   50.00000    0.00000   100%  17.5  985s
 13949935 296468   25.00000   44    3   50.00000    0.00000   100%  17.5  990s
 14008102 299401 infeasible   40        50.00000    0.00000   100%  17.5  995s
 14074186 301549 infeasible   46        50.00000    0.00000   100%  17.5 1000s
 14138667 303783 infeasible   46        50.00000    0.00000   100%  17.5 1005s
 14199835 305378   25.00000   46    1   50.00000    0.00000   100%  17.6 1010s
 14268083 306335 infeasible   40        50.00000    0.00000   100%  17.6 1015s
 14328332 307518 infeasible   40        50.00000    0.00000   100%  17.6 1020s
 14397714 308785 infeasible   44        50.00000    0.00000   100%  17.6 1025s
 14479090 309897 infeasible   43        50.00000    0.00000   100%  17.6 1030s
 14551912 310338    0.00000   38   10   50.00000    0.00000   100%  17.6 1035s
 14623507 311303    0.00000   43    1   50.00000    0.00000   100%  17.6 1040s
 14701220 311305    0.00000   45    1   50.00000    0.00000   100%  17.6 1045s
 14772610 311258 infeasible   49        50.00000    0.00000   100%  17.6 1050s
 14846695 312556    0.00000   44   11   50.00000    0.00000   100%  17.6 1055s
 14922357 312617    0.00000   47    5   50.00000    0.00000   100%  17.6 1060s
 14997332 313998    0.00000   41    6   50.00000    0.00000   100%  17.6 1065s
 15072135 314778 infeasible   48        50.00000    0.00000   100%  17.6 1070s
 15153288 315095    0.00000   42    5   50.00000    0.00000   100%  17.6 1075s
 15236203 318398 infeasible   45        50.00000    0.00000   100%  17.6 1080s
 15310630 321321 infeasible   51        50.00000    0.00000   100%  17.6 1085s
 15374708 322732    0.00000   43    4   50.00000    0.00000   100%  17.6 1090s
 15445618 325005 infeasible   50        50.00000    0.00000   100%  17.6 1095s
 15509558 327103 infeasible   40        50.00000    0.00000   100%  17.6 1100s
 15575885 328055    0.00000   43    4   50.00000    0.00000   100%  17.6 1105s
 15642006 329525 infeasible   43        50.00000    0.00000   100%  17.6 1110s
 15705212 331101   25.00000   41    5   50.00000    0.00000   100%  17.6 1115s
 15768818 331991    0.00000   32    8   50.00000    0.00000   100%  17.6 1120s
 15832090 333031 infeasible   42        50.00000    0.00000   100%  17.7 1125s
 15895320 334358    0.00000   40    6   50.00000    0.00000   100%  17.7 1130s
 15961724 336180 infeasible   45        50.00000    0.00000   100%  17.7 1135s
 16035853 337759    0.00000   46    4   50.00000    0.00000   100%  17.7 1140s
 16135242 338733    0.00000   52    1   50.00000    0.00000   100%  17.6 1145s
 16210265 339273 infeasible   44        50.00000    0.00000   100%  17.6 1150s
 16289835 340013    0.00000   42    9   50.00000    0.00000   100%  17.6 1155s
 16369039 340873 infeasible   54        50.00000    0.00000   100%  17.6 1160s
 16442098 341572    0.00000   41   17   50.00000    0.00000   100%  17.6 1165s
 16515102 346373    0.00000   39    7   50.00000    0.00000   100%  17.6 1170s
 16595242 350542    0.00000   35   11   50.00000    0.00000   100%  17.6 1175s
 16680590 357556    0.00000   33    1   50.00000    0.00000   100%  17.6 1180s
 16761037 361677 infeasible   47        50.00000    0.00000   100%  17.6 1185s
 16831394 364005    0.00000   43    1   50.00000    0.00000   100%  17.6 1190s
 16899394 365553    0.00000   45   10   50.00000    0.00000   100%  17.6 1195s
 16967090 366219    0.00000   44    1   50.00000    0.00000   100%  17.6 1200s
 17054084 366760    0.00000   32    9   50.00000    0.00000   100%  17.6 1205s
 17127546 368665 infeasible   42        50.00000    0.00000   100%  17.6 1210s
 17211238 372098   25.00000   32    1   50.00000    0.00000   100%  17.6 1215s
 17290960 374193    0.00000   36    8   50.00000    0.00000   100%  17.6 1220s
 17365633 375618    0.00000   44   12   50.00000    0.00000   100%  17.6 1225s
 17444098 378597 infeasible   42        50.00000    0.00000   100%  17.6 1230s
 17523688 381137    0.00000   44    4   50.00000    0.00000   100%  17.6 1235s
 17589690 382194 infeasible   38        50.00000    0.00000   100%  17.6 1240s
 17668108 383015 infeasible   47        50.00000    0.00000   100%  17.6 1245s
 17743025 384134 infeasible   48        50.00000    0.00000   100%  17.6 1250s
 17816818 386078    0.00000   49    1   50.00000    0.00000   100%  17.6 1255s
 17900884 387981    0.00000   48    4   50.00000    0.00000   100%  17.6 1260s
 17990607 391779    0.00000   45    4   50.00000    0.00000   100%  17.5 1265s
 18075190 395551    0.00000   46    1   50.00000    0.00000   100%  17.5 1270s
 18152172 398628    0.00000   47    5   50.00000    0.00000   100%  17.5 1275s
 18218879 401072    0.00000   49    9   50.00000    0.00000   100%  17.5 1280s
 18299829 403775 infeasible   38        50.00000    0.00000   100%  17.5 1285s
 18352753 405166 infeasible   45        50.00000    0.00000   100%  17.6 1290s
 18403826 405595 infeasible   49        50.00000    0.00000   100%  17.6 1295s
 18455707 406171 infeasible   45        50.00000    0.00000   100%  17.6 1300s
 18506188 407070    0.00000   43   11   50.00000    0.00000   100%  17.6 1305s
 18561898 407849 infeasible   44        50.00000    0.00000   100%  17.6 1310s
 18627929 408305    0.00000   37    1   50.00000    0.00000   100%  17.6 1315s
 18686673 408493 infeasible   47        50.00000    0.00000   100%  17.6 1320s
 18761575 409788    0.00000   37    5   50.00000    0.00000   100%  17.6 1325s
 18829229 410923 infeasible   45        50.00000    0.00000   100%  17.6 1330s
 18897848 412818 infeasible   47        50.00000    0.00000   100%  17.6 1335s
 18970819 413778 infeasible   47        50.00000    0.00000   100%  17.6 1340s
 19040429 414360    0.00000   43    5   50.00000    0.00000   100%  17.6 1345s
 19121455 414730 infeasible   48        50.00000    0.00000   100%  17.6 1350s
 19197861 414932    0.00000   41   10   50.00000    0.00000   100%  17.6 1355s
 19273014 415878    0.00000   49    1   50.00000    0.00000   100%  17.6 1360s
 19360890 417064    0.00000   49    4   50.00000    0.00000   100%  17.6 1365s
 19451390 417472    0.00000   29    8   50.00000    0.00000   100%  17.6 1370s
 19547190 418407    0.00000   44    1   50.00000    0.00000   100%  17.6 1375s
 19631162 418880 infeasible   49        50.00000    0.00000   100%  17.6 1380s
 19722052 420407 infeasible   48        50.00000    0.00000   100%  17.6 1385s
 19820682 420325    0.00000   46    1   50.00000    0.00000   100%  17.6 1390s
 19916272 420354    0.00000   52    6   50.00000    0.00000   100%  17.5 1395s
 20026959 420271 infeasible   55        50.00000    0.00000   100%  17.5 1400s
 20108392 423620 infeasible   42        50.00000    0.00000   100%  17.5 1405s
 20190344 425059 infeasible   44        50.00000    0.00000   100%  17.5 1410s
 20276277 425685    0.00000   43    3   50.00000    0.00000   100%  17.5 1415s
 20358111 426980    0.00000   43    1   50.00000    0.00000   100%  17.5 1420s
 20436640 427341 infeasible   50        50.00000    0.00000   100%  17.5 1425s
 20508806 427668 infeasible   45        50.00000    0.00000   100%  17.5 1430s
 20574709 428819 infeasible   51        50.00000    0.00000   100%  17.5 1435s
 20655126 429486    0.00000   48    8   50.00000    0.00000   100%  17.5 1440s
 20737253 429948 infeasible   51        50.00000    0.00000   100%  17.5 1445s
 20808923 430619    0.00000   44    7   50.00000    0.00000   100%  17.5 1450s
 20895982 431489 infeasible   47        50.00000    0.00000   100%  17.5 1455s
 20984627 431500 infeasible   47        50.00000    0.00000   100%  17.5 1460s
 21075373 431512    0.00000   51    1   50.00000    0.00000   100%  17.4 1465s
 21158817 432734 infeasible   39        50.00000    0.00000   100%  17.4 1470s
 21255342 432364 infeasible   47        50.00000    0.00000   100%  17.4 1475s
 21332846 433459   25.00000   38    1   50.00000    0.00000   100%  17.4 1480s
 21407936 433548    0.00000   34    6   50.00000    0.00000   100%  17.4 1485s
 21484248 433562    0.00000   37    1   50.00000    0.00000   100%  17.4 1490s
 21558615 434368    0.00000   45    1   50.00000    0.00000   100%  17.4 1495s
 21648081 434421    0.00000   43    8   50.00000    0.00000   100%  17.4 1500s
 21724968 435430    0.00000   49   13   50.00000    0.00000   100%  17.4 1505s
 21807539 438972 infeasible   41        50.00000    0.00000   100%  17.4 1510s
 21886703 440114    0.00000   49    5   50.00000    0.00000   100%  17.4 1515s
 21954575 441231 infeasible   42        50.00000    0.00000   100%  17.4 1520s
 22023008 442188 infeasible   45        50.00000    0.00000   100%  17.4 1525s
 22086976 444453    0.00000   41    5   50.00000    0.00000   100%  17.4 1530s
 22171690 445631 infeasible   44        50.00000    0.00000   100%  17.4 1535s
 22246502 445989    0.00000   42    1   50.00000    0.00000   100%  17.4 1540s
 22313112 446476    0.00000   49    3   50.00000    0.00000   100%  17.4 1545s
 22388533 446591 infeasible   50        50.00000    0.00000   100%  17.4 1550s
 22470936 447307   25.00000   45    4   50.00000    0.00000   100%  17.4 1555s
 22544316 448817 infeasible   43        50.00000    0.00000   100%  17.4 1560s
 22606248 449151 infeasible   42        50.00000    0.00000   100%  17.4 1565s
 22675364 448905 infeasible   46        50.00000    0.00000   100%  17.4 1570s
 22733453 447948 infeasible   37        50.00000    0.00000   100%  17.4 1575s
 22798934 446517 infeasible   34        50.00000    0.00000   100%  17.4 1580s
 22852497 445926    0.00000   35   13   50.00000    0.00000   100%  17.4 1585s
 22911030 446569 infeasible   45        50.00000    0.00000   100%  17.4 1590s
 22966436 446247 infeasible   44        50.00000    0.00000   100%  17.5 1595s
 23021170 445414    0.00000   47    4   50.00000    0.00000   100%  17.5 1600s
 23081005 443566    0.00000   35    1   50.00000    0.00000   100%  17.5 1605s
 23135627 443907 infeasible   49        50.00000    0.00000   100%  17.5 1610s
 23187998 442495    0.00000   42    4   50.00000    0.00000   100%  17.5 1615s
 23237119 439948 infeasible   42        50.00000    0.00000   100%  17.5 1620s
 23287055 437506 infeasible   43        50.00000    0.00000   100%  17.5 1625s
 23342362 433834 infeasible   40        50.00000    0.00000   100%  17.6 1630s
 23408167 430158 infeasible   44        50.00000    0.00000   100%  17.6 1635s
 23478134 427941   25.00000   47    1   50.00000   25.00000  50.0%  17.6 1640s
 23576058 427512   25.00000   40    1   50.00000   25.00000  50.0%  17.6 1645s
 23674347 425227   25.00000   49    4   50.00000   25.00000  50.0%  17.6 1650s
 23779727 425253 infeasible   42        50.00000   25.00000  50.0%  17.5 1655s
 23884474 424839 infeasible   46        50.00000   25.00000  50.0%  17.5 1660s
 23995284 424919   25.00000   30   11   50.00000   25.00000  50.0%  17.5 1665s
 24110056 424150 infeasible   49        50.00000   25.00000  50.0%  17.5 1670s
 24217979 422473   25.00000   44    8   50.00000   25.00000  50.0%  17.5 1675s
 24318829 422260   25.00000   43    3   50.00000   25.00000  50.0%  17.5 1680s
 24440677 421241   25.00000   43    4   50.00000   25.00000  50.0%  17.5 1685s
 24550739 420404   25.00000   50    3   50.00000   25.00000  50.0%  17.5 1690s
 24664069 417968 infeasible   55        50.00000   25.00000  50.0%  17.4 1695s
 24774695 414200   25.00000   46    1   50.00000   25.00000  50.0%  17.4 1700s
 24884564 409044 infeasible   36        50.00000   25.00000  50.0%  17.4 1705s
 24989159 403268 infeasible   46        50.00000   25.00000  50.0%  17.4 1710s
 25108084 399215 infeasible   54        50.00000   25.00000  50.0%  17.4 1715s
 25225949 394792 infeasible   48        50.00000   25.00000  50.0%  17.4 1720s
 25342666 390827 infeasible   51        50.00000   25.00000  50.0%  17.4 1725s
 25458433 388829   25.00000   45    5   50.00000   25.00000  50.0%  17.4 1730s
 25584716 387129 infeasible   49        50.00000   25.00000  50.0%  17.3 1735s
 25697930 384112   25.00000   48    4   50.00000   25.00000  50.0%  17.3 1740s
 25804799 381641 infeasible   33        50.00000   25.00000  50.0%  17.3 1745s
 25909348 379378   25.00000   39    2   50.00000   25.00000  50.0%  17.3 1750s
 26002595 378692   25.00000   41    5   50.00000   25.00000  50.0%  17.3 1755s
 26108906 377361   25.00000   40    4   50.00000   25.00000  50.0%  17.3 1760s
 26219274 374215   25.00000   47    5   50.00000   25.00000  50.0%  17.3 1765s
 26319421 371902   25.00000   44    5   50.00000   25.00000  50.0%  17.3 1770s
 26422548 370627 infeasible   42        50.00000   25.00000  50.0%  17.3 1775s
 26519726 368982 infeasible   49        50.00000   25.00000  50.0%  17.3 1780s
 26618400 366048   25.00000   41    1   50.00000   25.00000  50.0%  17.3 1785s
 26735519 362503   25.00000   47    1   50.00000   25.00000  50.0%  17.3 1790s
 26845573 359755   25.00000   36    9   50.00000   25.00000  50.0%  17.3 1795s
 26957395 358205   25.00000   42    5   50.00000   25.00000  50.0%  17.2 1800s
 27077333 355762 infeasible   43        50.00000   25.00000  50.0%  17.2 1805s
 27198762 352528   25.00000   49    4   50.00000   25.00000  50.0%  17.2 1810s
 27307304 350079   25.00000   46    4   50.00000   25.00000  50.0%  17.2 1815s
 27410699 347060   25.00000   53    1   50.00000   25.00000  50.0%  17.2 1820s
 27520444 345767 infeasible   41        50.00000   25.00000  50.0%  17.2 1825s
 27627614 345604   25.00000   45    1   50.00000   25.00000  50.0%  17.2 1830s
 27730663 344202   25.00000   51    1   50.00000   25.00000  50.0%  17.2 1835s
 27835396 342651 infeasible   40        50.00000   25.00000  50.0%  17.1 1840s
 27940053 341434   25.00000   41    4   50.00000   25.00000  50.0%  17.1 1845s
 28045778 339321 infeasible   51        50.00000   25.00000  50.0%  17.1 1850s
 28156164 334950 infeasible   42        50.00000   25.00000  50.0%  17.1 1855s
 28261387 330325 infeasible   43        50.00000   25.00000  50.0%  17.1 1860s
 28366321 326539 infeasible   45        50.00000   25.00000  50.0%  17.1 1865s
 28470312 322005 infeasible   49        50.00000   25.00000  50.0%  17.1 1870s
 28591733 315279   25.00000   48    2   50.00000   25.00000  50.0%  17.1 1875s
 28697568 312319   25.00000   41    4   50.00000   25.00000  50.0%  17.1 1880s
 28806211 311025 infeasible   50        50.00000   25.00000  50.0%  17.1 1885s
 28910285 308056 infeasible   42        50.00000   25.00000  50.0%  17.1 1890s
 29019426 306255   25.00000   47    9   50.00000   25.00000  50.0%  17.1 1895s
 29122241 302351 infeasible   46        50.00000   25.00000  50.0%  17.1 1900s
 29229091 298243   25.00000   49    5   50.00000   25.00000  50.0%  17.1 1905s
 29330846 294954   25.00000   44   11   50.00000   25.00000  50.0%  17.1 1910s
 29434377 292559 infeasible   51        50.00000   25.00000  50.0%  17.1 1915s
 29542968 288768   25.00000   41    1   50.00000   25.00000  50.0%  17.1 1920s
 29653165 285524   25.00000   48   11   50.00000   25.00000  50.0%  17.0 1925s
 29760463 282857 infeasible   52        50.00000   25.00000  50.0%  17.0 1930s
 29870473 278116 infeasible   54        50.00000   25.00000  50.0%  17.0 1935s
 29979352 277152 infeasible   44        50.00000   25.00000  50.0%  17.0 1940s
 30086721 276911 infeasible   46        50.00000   25.00000  50.0%  17.0 1945s
 30194500 276889   25.00000   45    4   50.00000   25.00000  50.0%  17.0 1950s
 30296210 275335 infeasible   50        50.00000   25.00000  50.0%  17.0 1955s
 30400918 274130   25.00000   46    9   50.00000   25.00000  50.0%  17.0 1960s
 30504180 273445   25.00000   46    6   50.00000   25.00000  50.0%  17.0 1965s
 30613238 272672 infeasible   55        50.00000   25.00000  50.0%  17.0 1970s
 30720821 270994 infeasible   52        50.00000   25.00000  50.0%  17.0 1975s
 30827450 270309 infeasible   52        50.00000   25.00000  50.0%  17.0 1980s
 30936002 269579 infeasible   44        50.00000   25.00000  50.0%  17.0 1985s
 31042164 269073   25.00000   38    6   50.00000   25.00000  50.0%  17.0 1990s
 31145221 268996 infeasible   42        50.00000   25.00000  50.0%  17.0 1995s
 31257773 269004 infeasible   47        50.00000   25.00000  50.0%  17.0 2000s
 31363559 268815   25.00000   40    1   50.00000   25.00000  50.0%  17.0 2005s
 31473074 267415 infeasible   45        50.00000   25.00000  50.0%  16.9 2010s
 31586722 264122 infeasible   42        50.00000   25.00000  50.0%  16.9 2015s
 31699929 262099   25.00000   41   10   50.00000   25.00000  50.0%  16.9 2020s
 31803779 260229   25.00000   40    8   50.00000   25.00000  50.0%  16.9 2025s
 31904174 258765   25.00000   40    1   50.00000   25.00000  50.0%  16.9 2030s
 32008221 254925 infeasible   45        50.00000   25.00000  50.0%  16.9 2035s
 32115731 250709   25.00000   52    7   50.00000   25.00000  50.0%  16.9 2040s
 32227272 246434 infeasible   49        50.00000   25.00000  50.0%  16.9 2045s
 32338765 242729   25.00000   38    1   50.00000   25.00000  50.0%  16.9 2050s
 32460987 241154 infeasible   44        50.00000   25.00000  50.0%  16.9 2055s
 32566132 237055   25.00000   41    8   50.00000   25.00000  50.0%  16.9 2060s
 32673971 233317 infeasible   46        50.00000   25.00000  50.0%  16.9 2065s
 32788545 228707   25.00000   52    8   50.00000   25.00000  50.0%  16.9 2070s
 32899583 224817   25.00000   47    7   50.00000   25.00000  50.0%  16.9 2075s
 33006686 222052 infeasible   41        50.00000   25.00000  50.0%  16.9 2080s
 33108809 220729   25.00000   45   11   50.00000   25.00000  50.0%  16.9 2085s
 33208278 219708 infeasible   40        50.00000   25.00000  50.0%  16.9 2090s
 33310328 217876 infeasible   48        50.00000   25.00000  50.0%  16.9 2095s
 33416604 215622 infeasible   43        50.00000   25.00000  50.0%  16.9 2100s
 33529084 213086   25.00000   43    2   50.00000   25.00000  50.0%  16.8 2105s
 33630135 211823   25.00000   38    6   50.00000   25.00000  50.0%  16.8 2110s
 33730117 211132 infeasible   40        50.00000   25.00000  50.0%  16.8 2115s
 33829778 210018 infeasible   41        50.00000   25.00000  50.0%  16.8 2120s
 33932186 208668   25.00000   49    1   50.00000   25.00000  50.0%  16.8 2125s
 34036904 205635   25.00000   45    1   50.00000   25.00000  50.0%  16.8 2130s
 34156556 199122 infeasible   39        50.00000   25.00000  50.0%  16.8 2135s
 34274736 194888 infeasible   48        50.00000   25.00000  50.0%  16.8 2140s
 34385893 192558 infeasible   51        50.00000   25.00000  50.0%  16.8 2145s
 34489890 189564   25.00000   42    6   50.00000   25.00000  50.0%  16.8 2150s
 34598675 186437 infeasible   50        50.00000   25.00000  50.0%  16.8 2155s
 34705035 184730 infeasible   41        50.00000   25.00000  50.0%  16.8 2160s
 34815865 181450   25.00000   43    5   50.00000   25.00000  50.0%  16.8 2165s
 34924791 181322   25.00000   36    1   50.00000   25.00000  50.0%  16.8 2170s
 35032161 178012 infeasible   44        50.00000   25.00000  50.0%  16.8 2175s
 35131353 174603 infeasible   53        50.00000   25.00000  50.0%  16.8 2180s
 35235965 171628   25.00000   39    1   50.00000   25.00000  50.0%  16.8 2185s
 35344954 170808 infeasible   44        50.00000   25.00000  50.0%  16.8 2190s
 35455044 169188 infeasible   52        50.00000   25.00000  50.0%  16.8 2195s
 35560407 169361 infeasible   47        50.00000   25.00000  50.0%  16.8 2200s
 35660772 169167   25.00000   43    9   50.00000   25.00000  50.0%  16.8 2205s
 35768187 166172 infeasible   49        50.00000   25.00000  50.0%  16.7 2210s
 35880662 162914   25.00000   43    4   50.00000   25.00000  50.0%  16.7 2215s
 35992145 160099 infeasible   55        50.00000   25.00000  50.0%  16.7 2220s
 36102665 157523 infeasible   44        50.00000   25.00000  50.0%  16.7 2225s
 36202060 155986 infeasible   50        50.00000   25.00000  50.0%  16.7 2230s
 36303584 154209 infeasible   42        50.00000   25.00000  50.0%  16.7 2235s
 36410209 152783   25.00000   46    6   50.00000   25.00000  50.0%  16.7 2240s
 36516305 151669   25.00000   48    1   50.00000   25.00000  50.0%  16.7 2245s
 36624253 149980 infeasible   44        50.00000   25.00000  50.0%  16.7 2250s
 36728498 148491   25.00000   39    9   50.00000   25.00000  50.0%  16.7 2255s
 36831250 147638   25.00000   37   15   50.00000   25.00000  50.0%  16.7 2260s
 36930172 147275 infeasible   42        50.00000   25.00000  50.0%  16.7 2265s
 37028941 146961 infeasible   43        50.00000   25.00000  50.0%  16.7 2270s
 37133667 144518 infeasible   50        50.00000   25.00000  50.0%  16.7 2275s
 37247416 141906 infeasible   46        50.00000   25.00000  50.0%  16.7 2280s
 37359651 138383   25.00000   42    8   50.00000   25.00000  50.0%  16.7 2285s
 37468302 136190   25.00000   45    2   50.00000   25.00000  50.0%  16.7 2290s
 37576468 134718 infeasible   40        50.00000   25.00000  50.0%  16.7 2295s
 37689188 132789 infeasible   51        50.00000   25.00000  50.0%  16.7 2300s
 37802683 128595 infeasible   46        50.00000   25.00000  50.0%  16.7 2305s
 37912029 124889 infeasible   44        50.00000   25.00000  50.0%  16.7 2310s
 38024202 119459   25.00000   42    4   50.00000   25.00000  50.0%  16.7 2315s
 38133163 118617 infeasible   40        50.00000   25.00000  50.0%  16.7 2320s
 38236337 115540 infeasible   44        50.00000   25.00000  50.0%  16.7 2325s
 38341788 112741   25.00000   39    2   50.00000   25.00000  50.0%  16.6 2330s
 38444238 109838   25.00000   43    1   50.00000   25.00000  50.0%  16.6 2335s
 38546265 106234   25.00000   40    1   50.00000   25.00000  50.0%  16.6 2340s
 38659601 103697 infeasible   46        50.00000   25.00000  50.0%  16.6 2345s
 38770511 99373 infeasible   50        50.00000   25.00000  50.0%  16.6 2350s
 38882515 95676 infeasible   45        50.00000   25.00000  50.0%  16.6 2355s
 38992309 93061   25.00000   39    3   50.00000   25.00000  50.0%  16.6 2360s
 39102519 90849   25.00000   37    9   50.00000   25.00000  50.0%  16.6 2365s
 39207251 89732   25.00000   46    4   50.00000   25.00000  50.0%  16.6 2370s
 39314843 88446   25.00000   38    9   50.00000   25.00000  50.0%  16.6 2375s
 39421899 86222   25.00000   34    4   50.00000   25.00000  50.0%  16.6 2380s
 39526365 85416   25.00000   45    6   50.00000   25.00000  50.0%  16.6 2385s
 39625507 85507 infeasible   46        50.00000   25.00000  50.0%  16.6 2390s
 39723786 85195   25.00000   37    6   50.00000   25.00000  50.0%  16.6 2395s
 39824386 84640   25.00000   56    7   50.00000   25.00000  50.0%  16.6 2400s
 39930013 83037 infeasible   42        50.00000   25.00000  50.0%  16.6 2405s
 40042878 80064 infeasible   45        50.00000   25.00000  50.0%  16.6 2410s
 40145390 77769   25.00000   44    3   50.00000   25.00000  50.0%  16.6 2415s
 40245471 76617   25.00000   43    1   50.00000   25.00000  50.0%  16.6 2420s
 40347061 74948   25.00000   43   13   50.00000   25.00000  50.0%  16.6 2425s
 40448969 72500 infeasible   50        50.00000   25.00000  50.0%  16.6 2430s
 40554612 69451   25.00000   35    2   50.00000   25.00000  50.0%  16.6 2435s
 40659171 67370 infeasible   39        50.00000   25.00000  50.0%  16.6 2440s
 40772762 64551   25.00000   42    5   50.00000   25.00000  50.0%  16.6 2445s
 40883031 60798   25.00000   48    1   50.00000   25.00000  50.0%  16.6 2450s
 40993678 56632 infeasible   48        50.00000   25.00000  50.0%  16.6 2455s
 41098494 54979   25.00000   46   10   50.00000   25.00000  50.0%  16.6 2460s
 41200640 51894 infeasible   46        50.00000   25.00000  50.0%  16.6 2465s
 41310996 48115   25.00000   50    1   50.00000   25.00000  50.0%  16.6 2470s
 41418498 45358   25.00000   42   11   50.00000   25.00000  50.0%  16.5 2475s
 41520661 44200 infeasible   47        50.00000   25.00000  50.0%  16.5 2480s
 41629356 41802 infeasible   44        50.00000   25.00000  50.0%  16.5 2485s
 41734949 38820 infeasible   45        50.00000   25.00000  50.0%  16.5 2490s
 41833510 36650 infeasible   47        50.00000   25.00000  50.0%  16.5 2495s
 41938303 34639 infeasible   38        50.00000   25.00000  50.0%  16.5 2500s
 42043829 34026   25.00000   40    1   50.00000   25.00000  50.0%  16.5 2505s
 42151154 30812 infeasible   40        50.00000   25.00000  50.0%  16.5 2510s
 42256469 27376 infeasible   47        50.00000   25.00000  50.0%  16.5 2515s
 42363981 27636 infeasible   42        50.00000   25.00000  50.0%  16.5 2520s
 42472933 26897   25.00000   51    8   50.00000   25.00000  50.0%  16.5 2525s
 42575381 23829 infeasible   44        50.00000   25.00000  50.0%  16.5 2530s
 42678434 21274   25.00000   39    4   50.00000   25.00000  50.0%  16.5 2535s
 42777169 18647 infeasible   48        50.00000   25.00000  50.0%  16.5 2540s
 42884527 15962 infeasible   54        50.00000   25.00000  50.0%  16.5 2545s
 42981734 14977 infeasible   47        50.00000   25.00000  50.0%  16.5 2550s
 43081741 13869   25.00000   48    1   50.00000   25.00000  50.0%  16.5 2555s
 43187705 11336 infeasible   43        50.00000   25.00000  50.0%  16.5 2560s
 43288667  8860 infeasible   50        50.00000   25.00000  50.0%  16.5 2565s
 43388596  6433   25.00000   42    8   50.00000   25.00000  50.0%  16.5 2570s
 43486822  4503   25.00000   38    4   50.00000   25.00000  50.0%  16.5 2575s
 43594676  3319   25.00000   50    3   50.00000   25.00000  50.0%  16.5 2580s
 43699473   848 infeasible   47        50.00000   25.00000  50.0%  16.5 2585s

Cutting planes:
  Learned: 2
  Cover: 1
  Implied bound: 2
  MIR: 2
  Flow cover: 18
  RLT: 3

Explored 43722021 nodes (720356444 simplex iterations) in 2586.06 seconds (4777.13 work units)
Thread count was 8 (of 192 available processors)

Solution count 10: 50 75 100 ... 1362

Optimal solution found (tolerance 1.00e-04)
Best objective 5.000000000000e+01, best bound 5.000000000000e+01, gap 0.0000%

User-callback calls 89246263, time in user-callback 10.17 sec

AVANT CALCUL DES AUTRES INDICATEURS
Obj_rho = 0
Obj_lambda = 2
Obj_phi = 0
AVANT CALCUL DES AUTRES INDICATEURS
Obj_rho = -246
Obj_lambda = 2
Obj_phi = 0
✅ Solution trouvée (status: OPTIMAL)
🎯 Objective global: 50.0
⏱️ Time used: 2586.07
Nombre de vols satisfaits: 181
Nombre de vols non satisfaits: 0

✈️ Paths for each aircraft:

🛩️ Aircraft N435AS path (28 nodes): s_(u=0, v=0, w=0) ➡️  N435AS_(u=0, v=0, w=1) ➡️  PDX_SNA_10733_10856_(u=108, v=1, w=1) ➡️  SNA_SEA_10924_11134_(u=267, v=2, w=1) ➡️  SEA_ANC_11214_11362_(u=452, v=3, w=1) ➡️  ANC_SEA_11872_12140_(u=627, v=4, w=2) ➡️  SEA_RDM_12197_12256_(u=665, v=5, w=2) ➡️  RDM_SEA_12319_12399_(u=714, v=6, w=2) ➡️  SEA_TUS_12542_12765_(u=858, v=7, w=2) ➡️  TUS_SEA_13560_13715_(u=1048, v=8, w=3) ➡️  SEA_SJC_13777_13892_(u=1140, v=9, w=3) ➡️  SJC_SEA_13949_14086_(u=1256, v=10, w=3) ➡️  SEA_MSP_14135_14466_(u=1431, v=11, w=3) ➡️  MSP_SEA_14826_14932_(u=1628, v=12, w=4) ➡️  SEA_PHX_14981_15194_(u=1756, v=13, w=4) ➡️  PHX_SEA_15250_15404_(u=1948, v=14, w=4) ➡️  SEA_SNA_15482_15629_(u=2075, v=15, w=4) ➡️  SNA_SEA_16357_16540_(u=2229, v=16, w=5) ➡️  SEA_BOI_16599_16734_(u=2289, v=17, w=5) ➡️  BOI_SEA_16792_16828_(u=2367, v=18, w=5) ➡️  SEA_ATL_16907_17347_(u=2596, v=19, w=5) ➡️  ATL_SEA_17695_17854_(u=2914, v=20, w=6) ➡️  SEA_BOI_17952_18088_(u=2971, v=21, w=6) ➡️  BOI_SEA_18158_18240_(u=3039, v=22, w=6) ➡️  SEA_LAS_18410_18556_(u=3151, v=23, w=6) ➡️  LAS_SEA_19078_19252_(u=3289, v=24, w=7) ➡️  SEA_PHX_19307_19516_(u=3419, v=25, w=7) ➡️  PHX_SEA_19569_19699_(u=3588, v=26, w=7) ➡️  SEA_KTN_19833_19896_(u=3692, v=27, w=7) ➡️  KTN_JNU_19950_20054_(u=3734, v=28, w=7) ➡️  t_(u=0, v=0, w=0)

🛩️ Aircraft N548AS path (25 nodes): s_(u=0, v=0, w=0) ➡️  N548AS_(u=0, v=0, w=1) ➡️  SEA_MKE_10527_10867_(u=197, v=1, w=1) ➡️  MKE_SEA_10939_11077_(u=438, v=2, w=1) ➡️  SEA_DEN_11299_11510_(u=559, v=3, w=1) ➡️  DEN_SEA_11899_12032_(u=721, v=4, w=2) ➡️  SEA_LAX_12116_12286_(u=845, v=5, w=2) ➡️  LAX_SEA_12356_12526_(u=989, v=6, w=2) ➡️  SEA_LAS_12573_12699_(u=1092, v=7, w=2) ➡️  LAS_LAX_12746_12823_(u=1139, v=8, w=2) ➡️  LAX_HNL_13385_13624_(u=1463, v=9, w=3) ➡️  HNL_PDX_13699_14142_(u=1762, v=10, w=3) ➡️  PDX_SEA_14715_14768_(u=1797, v=11, w=4) ➡️  SEA_AUS_14856_15227_(u=1992, v=12, w=4) ➡️  AUS_SAN_15307_15389_(u=2177, v=13, w=4) ➡️  SAN_PDX_15444_15615_(u=2324, v=14, w=4) ➡️  PDX_ANC_15677_15865_(u=2552, v=15, w=4) ➡️  ANC_LAX_15928_16264_(u=2810, v=16, w=5) ➡️  LAX_PDX_16332_16496_(u=2942, v=17, w=5) ➡️  PDX_AUS_16552_16890_(u=3131, v=18, w=5) ➡️  AUS_SEA_16960_17132_(u=3400, v=19, w=5) ➡️  SEA_TPA_17215_17682_(u=3664, v=20, w=5) ➡️  TPA_SEA_17773_17981_(u=4024, v=21, w=6) ➡️  SEA_BNA_18036_18399_(u=4228, v=22, w=6) ➡️  BNA_SEA_19135_19352_(u=4539, v=23, w=7) ➡️  SEA_DAL_19410_19742_(u=4734, v=24, w=7) ➡️  DAL_SEA_19816_19973_(u=4980, v=25, w=7) ➡️  t_(u=0, v=0, w=0)

🛩️ Aircraft N303AS path (25 nodes): s_(u=0, v=0, w=0) ➡️  N303AS_(u=0, v=0, w=1) ➡️  SEA_DFW_10534_10880_(u=193, v=1, w=1) ➡️  DFW_SEA_10940_11090_(u=434, v=2, w=1) ➡️  SEA_FAI_11156_11321_(u=623, v=3, w=1) ➡️  FAI_SEA_11934_12211_(u=802, v=4, w=2) ➡️  SEA_PHX_12265_12485_(u=937, v=5, w=2) ➡️  PHX_SEA_12540_12679_(u=1113, v=6, w=2) ➡️  SEA_PHX_12739_12962_(u=1246, v=7, w=2) ➡️  PHX_SEA_13313_13468_(u=1427, v=8, w=3) ➡️  SEA_TPA_13536_14022_(u=1704, v=9, w=3) ➡️  TPA_SEA_14080_14280_(u=2049, v=10, w=3) ➡️  SEA_MSY_14351_14725_(u=2277, v=11, w=3) ➡️  MSY_SEA_14807_15011_(u=2575, v=12, w=4) ➡️  SEA_MSY_15060_15437_(u=2806, v=13, w=4) ➡️  MSY_SEA_15510_15716_(u=3106, v=14, w=4) ➡️  SEA_PSP_16272_16438_(u=3225, v=15, w=5) ➡️  PSP_SEA_16489_16677_(u=3383, v=16, w=5) ➡️  SEA_ABQ_16745_16951_(u=3510, v=17, w=5) ➡️  ABQ_SEA_17007_17164_(u=3698, v=18, w=5) ➡️  SEA_PSP_17701_17847_(u=3823, v=19, w=6) ➡️  PSP_SEA_17919_18082_(u=3967, v=20, w=6) ➡️  SEA_ANC_18255_18423_(u=4176, v=21, w=6) ➡️  ANC_SEA_19073_19335_(u=4343, v=22, w=7) ➡️  SEA_TUS_19409_19642_(u=4489, v=23, w=7) ➡️  TUS_SEA_19702_19837_(u=4666, v=24, w=7) ➡️  SEA_RDM_19919_19997_(u=4706, v=25, w=7) ➡️  t_(u=0, v=0, w=0)

🛩️ Aircraft N553AS path (22 nodes): s_(u=0, v=0, w=0) ➡️  N553AS_(u=0, v=0, w=1) ➡️  BUR_PDX_10515_10681_(u=132, v=1, w=1) ➡️  PDX_LAS_11263_11390_(u=230, v=2, w=1) ➡️  LAS_SEA_12242_12410_(u=373, v=3, w=2) ➡️  SEA_BOS_12457_12959_(u=672, v=4, w=2) ➡️  BOS_SEA_13423_13580_(u=988, v=5, w=3) ➡️  SEA_GEG_13644_13713_(u=1033, v=6, w=3) ➡️  GEG_SEA_13772_13832_(u=1074, v=7, w=3) ➡️  SEA_GEG_13889_13953_(u=1116, v=8, w=3) ➡️  GEG_SEA_14008_14081_(u=1157, v=9, w=3) ➡️  SEA_JNU_14137_14272_(u=1321, v=10, w=3) ➡️  JNU_SEA_14935_15110_(u=1418, v=11, w=4) ➡️  SEA_SFO_15222_15349_(u=1511, v=12, w=4) ➡️  SFO_PDX_15407_15519_(u=1601, v=13, w=4) ➡️  PDX_SFO_15584_15679_(u=1681, v=14, w=4) ➡️  SFO_SEA_16855_16994_(u=1789, v=15, w=5) ➡️  SEA_SNA_17045_17193_(u=1906, v=16, w=5) ➡️  SNA_SEA_17817_17993_(u=2059, v=17, w=6) ➡️  SEA_TUS_18139_18362_(u=2202, v=18, w=6) ➡️  TUS_SEA_19192_19345_(u=2389, v=19, w=7) ➡️  SEA_RDM_19408_19468_(u=2425, v=20, w=7) ➡️  RDM_SEA_19536_19641_(u=2469, v=21, w=7) ➡️  SEA_ANC_19731_19913_(u=2682, v=22, w=7) ➡️  t_(u=0, v=0, w=0)

🛩️ Aircraft N556AS path (22 nodes): s_(u=0, v=0, w=0) ➡️  N556AS_(u=0, v=0, w=1) ➡️  MCO_SEA_10685_10895_(u=352, v=1, w=1) ➡️  SEA_SBA_10975_11105_(u=466, v=2, w=1) ➡️  SBA_SEA_11142_11297_(u=602, v=3, w=1) ➡️  SEA_AUS_11448_11783_(u=794, v=4, w=1) ➡️  AUS_SEA_12358_12531_(u=1054, v=5, w=2) ➡️  SEA_MSP_12603_12910_(u=1224, v=6, w=2) ➡️  MSP_SEA_13375_13512_(u=1411, v=7, w=3) ➡️  SEA_DFW_13607_13945_(u=1601, v=8, w=3) ➡️  DFW_SEA_14021_14167_(u=1841, v=9, w=3) ➡️  SEA_SMF_14249_14358_(u=1918, v=10, w=3) ➡️  SMF_SEA_14784_14923_(u=2034, v=11, w=4) ➡️  SEA_ORD_15012_15365_(u=2239, v=12, w=4) ➡️  ORD_SEA_15462_15662_(u=2489, v=13, w=4) ➡️  SEA_FAI_16418_16617_(u=2713, v=14, w=5) ➡️  FAI_SEA_16691_16955_(u=2889, v=15, w=5) ➡️  SEA_ORD_17022_17360_(u=3085, v=16, w=5) ➡️  ORD_SEA_18174_18355_(u=3344, v=17, w=6) ➡️  SEA_SNA_19091_19255_(u=3470, v=18, w=7) ➡️  SNA_SEA_19300_19472_(u=3623, v=19, w=7) ➡️  SEA_DEN_19533_19753_(u=3741, v=20, w=7) ➡️  DEN_SEA_19812_19934_(u=3900, v=21, w=7) ➡️  SEA_ANC_19993_20169_(u=4116, v=22, w=7) ➡️  t_(u=0, v=0, w=0)

🛩️ Aircraft N614AS path (26 nodes): s_(u=0, v=0, w=0) ➡️  N614AS_(u=3880, v=33, w=7) ➡️  ADQ_ANC_10522_10585_(u=3921, v=34, w=7) ➡️  ANC_SEA_10704_10958_(u=4096, v=35, w=7) ➡️  SEA_ABQ_11022_11234_(u=4228, v=36, w=7) ➡️  ABQ_SEA_11277_11426_(u=4418, v=37, w=7) ➡️  SEA_LAS_12090_12244_(u=4530, v=38, w=8) ➡️  LAS_SEA_12302_12476_(u=4675, v=39, w=8) ➡️  SEA_BNA_12586_12948_(u=4891, v=40, w=8) ➡️  BNA_SEA_13375_13553_(u=5158, v=41, w=9) ➡️  SEA_SMF_13599_13694_(u=5234, v=42, w=9) ➡️  SMF_SEA_13740_13859_(u=5332, v=43, w=9) ➡️  SEA_SNA_13947_14092_(u=5455, v=44, w=9) ➡️  SNA_SEA_14146_14321_(u=5615, v=45, w=9) ➡️  SEA_FAI_14896_15115_(u=5865, v=46, w=10) ➡️  FAI_SEA_15162_15418_(u=6041, v=47, w=10) ➡️  SEA_TUS_15472_15686_(u=6170, v=48, w=10) ➡️  TUS_SEA_16376_16543_(u=199, v=1, w=1) ➡️  SEA_BZN_16600_16757_(u=267, v=2, w=1) ➡️  BZN_SEA_16802_16891_(u=364, v=3, w=1) ➡️  SEA_SNA_16942_17083_(u=483, v=4, w=1) ➡️  SNA_SEA_17674_17865_(u=640, v=5, w=2) ➡️  SEA_BOS_18088_18571_(u=916, v=6, w=2) ➡️  BOS_SEA_18621_18803_(u=1252, v=7, w=2) ➡️  SEA_SAN_19141_19296_(u=1379, v=8, w=3) ➡️  SAN_SEA_19361_19548_(u=1535, v=9, w=3) ➡️  SEA_BUR_19612_19742_(u=1649, v=10, w=3) ➡️  BUR_SEA_19808_19983_(u=1786, v=11, w=3) ➡️  t_(u=0, v=0, w=0)

🛩️ Aircraft N273AK path (33 nodes): s_(u=0, v=0, w=0) ➡️  N273AK_(u=2497, v=21, w=5) ➡️  RSW_SEA_10638_10843_(u=2854, v=22, w=5) ➡️  SEA_FAI_10918_11082_(u=3056, v=23, w=5) ➡️  FAI_SEA_11157_11452_(u=3258, v=24, w=5) ➡️  SEA_EUG_12210_12278_(u=3299, v=25, w=6) ➡️  EUG_SEA_12328_12398_(u=3346, v=26, w=6) ➡️  SEA_KTN_12453_12515_(u=3447, v=27, w=6) ➡️  KTN_SIT_12596_12655_(u=3481, v=28, w=6) ➡️  SIT_JNU_12695_12753_(u=3506, v=29, w=6) ➡️  JNU_ANC_12789_12912_(u=3596, v=30, w=6) ➡️  ANC_SEA_13251_13499_(u=3755, v=31, w=7) ➡️  SEA_ANC_13558_13752_(u=3992, v=32, w=7) ➡️  ANC_ADQ_13800_13856_(u=4034, v=33, w=7) ➡️  ADQ_ANC_13899_13952_(u=4072, v=34, w=7) ➡️  ANC_SEA_14007_14262_(u=4226, v=35, w=7) ➡️  SEA_FAI_14340_14547_(u=4469, v=36, w=7) ➡️  FAI_ANC_14683_14742_(u=4513, v=37, w=8) ➡️  ANC_SEA_14871_15118_(u=4683, v=38, w=8) ➡️  SEA_BZN_15162_15306_(u=4746, v=39, w=8) ➡️  BZN_SEA_15356_15417_(u=4841, v=40, w=8) ➡️  SEA_PSP_15462_15607_(u=4965, v=41, w=8) ➡️  PSP_SEA_15648_15830_(u=5127, v=42, w=8) ➡️  SEA_SNA_16306_16484_(u=5260, v=43, w=9) ➡️  SNA_SEA_16531_16707_(u=5414, v=44, w=9) ➡️  SEA_GEG_16768_16829_(u=5448, v=45, w=9) ➡️  GEG_SEA_16891_16961_(u=5496, v=46, w=9) ➡️  SEA_DEN_17042_17244_(u=5617, v=47, w=9) ➡️  DEN_SEA_17781_17944_(u=5780, v=48, w=10) ➡️  SEA_PHX_18088_18307_(u=5917, v=49, w=10) ➡️  PHX_PDX_18386_18502_(u=6076, v=50, w=10) ➡️  PDX_BUR_19379_19517_(u=101, v=1, w=1) ➡️  BUR_PDX_19570_19722_(u=225, v=2, w=1) ➡️  PDX_SNA_19778_19909_(u=336, v=3, w=1) ➡️  SNA_PDX_19948_20103_(u=471, v=4, w=1) ➡️  t_(u=0, v=0, w=0)

🛠️ Maintenance at node TUS_SEA_16376_16543 by aircraft N614AS | ρ=-170; λ=2; φ=0
🛠️ Maintenance at node PDX_BUR_19379_19517 by aircraft N273AK | ρ=-76; λ=0; φ=0

Nombre de maintenances au total: 2.0
Stations de maintenance utilisées: Any["PDX", "TUS"]
Nombre de stations de maintenance utilisées: 2
