INSTANCE 196FL_7A_4
PREPROCESSING : false
-----------------------INSTANCE 196FL_7A_4--------------------------
Gurobi 12.0.2 (linux64) logging started Sun Nov 30 15:02:46 2025

Set parameter LogFile to value "RESULTS_EXP/A_MTN_2/FH_FC_MIN/result_196FL_7A_4_without_prep.txt"
Set parameter LogToConsole to value 0

Gurobi 12.0.2 (linux64) logging started Sun Nov 30 15:02:47 2025

Set parameter LogFile to value "RESULTS_EXP/A_MTN_2/FH_FC_MIN/result_196FL_7A_4_without_prep.txt"
Gurobi Optimizer version 12.0.2 build v12.0.2rc0 (linux64 - "AlmaLinux 9.6 (Sage Margay)")

CPU model: Intel(R) Xeon(R) 6972P, instruction set [SSE2|AVX|AVX2|AVX512]
Thread count: 192 physical cores, 192 logical processors, using up to 8 threads

Non-default parameters:
TimeLimit  7200
LogToConsole  0
Threads  8

Optimize a model with 5950 rows, 1752 columns and 22649 nonzeros
Model fingerprint: 0xbfc9b436
Variable types: 510 continuous, 1242 integer (1142 binary)
Coefficient statistics:
  Matrix range     [1e+00, 6e+03]
  Objective range  [1e+00, 2e+01]
  Bounds range     [1e+00, 6e+03]
  RHS range        [1e+00, 6e+03]
Presolve removed 1770 rows and 651 columns
Presolve time: 0.07s
Presolved: 4180 rows, 1101 columns, 25596 nonzeros
Variable types: 229 continuous, 872 integer (803 binary)

Root relaxation: objective 0.000000e+00, 604 iterations, 0.01 seconds (0.02 work units)

    Nodes    |    Current Node    |     Objective Bounds      |     Work
 Expl Unexpl |  Obj  Depth IntInf | Incumbent    BestBd   Gap | It/Node Time

     0     0    0.00000    0    5          -    0.00000      -     -    0s
H    0     0                    2187.0000000    0.00000   100%     -    0s
     0     0    0.00000    0    8 2187.00000    0.00000   100%     -    0s
H    0     0                    1221.0000000    0.00000   100%     -    0s
     0     0    0.00000    0    7 1221.00000    0.00000   100%     -    0s
     0     0    0.00000    0    7 1221.00000    0.00000   100%     -    0s
     0     0    0.00000    0    8 1221.00000    0.00000   100%     -    0s
H    0     0                     690.0000000    0.00000   100%     -    0s
     0     0    0.00000    0    8  690.00000    0.00000   100%     -    0s
     0     0    0.00000    0    7  690.00000    0.00000   100%     -    0s
     0     0    0.00000    0    7  690.00000    0.00000   100%     -    0s
     0     0    0.00000    0    7  690.00000    0.00000   100%     -    0s
     0     0    0.00000    0    7  690.00000    0.00000   100%     -    0s
     0     0    0.00000    0    7  690.00000    0.00000   100%     -    0s
     0     2    0.00000    0    7  690.00000    0.00000   100%     -    0s
H  164   225                     609.0000000    0.00000   100%  38.7    0s
H  560   685                     570.0000000    0.00000   100%  38.7    0s
*  586   685              39     390.0000000    0.00000   100%  38.0    0s
H 1383   761                     364.0000000    0.00000   100%  34.2    1s
H 1560   788                     354.0000000    0.00000   100%  32.7    1s
H 2063   765                     238.0000000    0.00000   100%  33.4    1s
H 2700   839                     232.0000000    0.00000   100%  33.5    1s
H 2741   834                     217.0000000    0.00000   100%  33.5    1s
  6712  1132    0.00000   19    7  217.00000    0.00000   100%  33.7    5s
H 7006  1230                     124.0000000    0.00000   100%  36.4    5s
H 7022  1169                     106.0000000    0.00000   100%  36.5    6s
* 7138  1155              44      84.0000000    0.00000   100%  37.3    6s
H 7312  1110                      83.0000000    0.00000   100%  37.9    6s
 11679  1341   10.00000   31   16   83.00000    0.00000   100%  53.1   10s
H13586  1673                      49.0000000    0.00000   100%  55.0   11s
 16760  1914   10.00000   39   13   49.00000    0.00000   100%  58.0   15s
 25292  2901   10.00000   48    8   49.00000    0.00000   100%  64.6   20s
 32882  4356 infeasible   32        49.00000    0.00000   100%  67.7   25s
 44792  5554   20.00000   37    3   49.00000   10.00000  79.6%  66.2   30s
 55812  5162 infeasible   57        49.00000   10.00000  79.6%  65.0   35s
 63037  3532   10.00000   69   30   49.00000   10.00000  79.6%  62.0   40s
 90511  3998   10.00000   58   32   49.00000   10.00000  79.6%  54.7   45s
 120270  4129 infeasible   65        49.00000   10.00000  79.6%  49.0   50s
 152501  4634 infeasible   60        49.00000   10.00000  79.6%  44.7   55s
 182320  4536     cutoff   81        49.00000   10.00000  79.6%  42.5   60s
 216174  4534   10.00000   66   24   49.00000   10.00000  79.6%  40.3   65s
 244615  4548 infeasible   70        49.00000   10.00000  79.6%  39.5   70s
 272280  4729 infeasible   73        49.00000   10.00000  79.6%  39.0   75s
 299441  4559   10.00000   61   29   49.00000   10.00000  79.6%  38.8   80s
 331101  5167   10.00000   72   22   49.00000   10.00000  79.6%  38.0   85s
 372764  5338   10.00000   81   16   49.00000   10.00000  79.6%  35.8   90s
 412960  5192   10.00000   64   38   49.00000   10.00000  79.6%  34.1   95s
 447070  5110     cutoff   77        49.00000   10.00000  79.6%  33.5  100s
 480115  5018   10.00000   62   38   49.00000   10.00000  79.6%  33.0  105s
 511375  5000 infeasible   73        49.00000   10.00000  79.6%  32.8  110s
 537720  4949   10.00000   81   22   49.00000   10.00000  79.6%  33.0  115s
 562414  4849 infeasible   77        49.00000   10.00000  79.6%  33.4  120s
 591101  4778   10.00000   72   20   49.00000   10.00000  79.6%  33.4  125s
 629676  4826     cutoff   76        49.00000   10.00000  79.6%  32.7  130s
 678539  4763   10.00000   77   25   49.00000   10.00000  79.6%  31.4  135s
 716415  5000   10.00000   78   12   49.00000   10.00000  79.6%  30.8  140s
 755419  4753     cutoff   83        49.00000   10.00000  79.6%  30.1  145s
 798098  4526   10.00000   75   15   49.00000   10.00000  79.6%  29.4  150s
 834152  4752   10.00000   75   28   49.00000   10.00000  79.6%  29.2  155s
 876038  4598 infeasible   82        49.00000   10.00000  79.6%  28.6  160s
 911424  4561   10.00000   82   23   49.00000   10.00000  79.6%  28.3  165s
 946528  4504 infeasible   64        49.00000   10.00000  79.6%  28.2  170s
 977821  4933     cutoff   67        49.00000   10.00000  79.6%  28.3  175s
 1006400  4788 infeasible   72        49.00000   10.00000  79.6%  28.5  180s
 1038234  4576 infeasible   64        49.00000   10.00000  79.6%  28.5  185s
 1068609  5145   10.00000   78   19   49.00000   10.00000  79.6%  28.6  190s
 1100696  5688   10.00000   72   21   49.00000   10.00000  79.6%  28.5  195s
 1137993  6016   10.00000   81   28   49.00000   10.00000  79.6%  28.3  200s
 1178420  6416 infeasible   72        49.00000   10.00000  79.6%  28.0  205s
 1218094  6334   10.00000   74   36   49.00000   10.00000  79.6%  27.7  210s
 1251490  6241 infeasible   69        49.00000   10.00000  79.6%  27.5  215s
 1280383  6550     cutoff   79        49.00000   10.00000  79.6%  27.6  220s
 1323237  6713   10.00000   66   30   49.00000   10.00000  79.6%  27.3  225s
 1362836  6602   10.00000   77   33   49.00000   10.00000  79.6%  27.1  230s
 1398173  6503     cutoff   69        49.00000   10.00000  79.6%  27.0  235s
 1435670  6451   10.00000   76   31   49.00000   10.00000  79.6%  26.8  240s
 1475821  6260   10.00000   78   29   49.00000   10.00000  79.6%  26.6  245s
 1511141  5994 infeasible   67        49.00000   10.00000  79.6%  26.5  250s
 1546111  6157   10.00000   82   26   49.00000   10.00000  79.6%  26.5  255s
 1583080  5854     cutoff   76        49.00000   10.00000  79.6%  26.3  260s
 1614287  5956   10.00000   73   23   49.00000   10.00000  79.6%  26.4  265s
 1642607  5730   10.00000   77   23   49.00000   10.00000  79.6%  26.5  270s
 1667746  5852 infeasible   63        49.00000   10.00000  79.6%  26.6  275s
 1700952  5643 infeasible   69        49.00000   10.00000  79.6%  26.6  280s
 1740921  5616   10.00000   65   33   49.00000   10.00000  79.6%  26.4  285s
 1781028  5544   10.00000   71   20   49.00000   10.00000  79.6%  26.3  290s
 1820672  5317   10.00000   72   28   49.00000   10.00000  79.6%  26.1  295s
 1854426  5170   10.00000   59   28   49.00000   10.00000  79.6%  26.1  300s
 1885364  5299 infeasible   75        49.00000   10.00000  79.6%  26.1  305s
 1926778  5529     cutoff   79        49.00000   10.00000  79.6%  26.0  310s
 1973376  5270     cutoff   80        49.00000   10.00000  79.6%  25.7  315s
 2015293  5017   10.00000   72   30   49.00000   10.00000  79.6%  25.6  320s
 2052489  5205   10.00000   73   39   49.00000   10.00000  79.6%  25.5  325s
 2093102  4970 infeasible   65        49.00000   10.00000  79.6%  25.4  330s
 2119865  5001 infeasible   70        49.00000   10.00000  79.6%  25.4  335s
 2149490  5543 infeasible   69        49.00000   10.00000  79.6%  25.5  340s
 2184952  5352 infeasible   73        49.00000   10.00000  79.6%  25.5  345s
 2216525  5197   10.00000   70   23   49.00000   10.00000  79.6%  25.6  350s
 2243827  5380 infeasible   76        49.00000   10.00000  79.6%  25.7  355s
 2273170  5384   10.00000   63   38   49.00000   10.00000  79.6%  25.8  360s
 2301560  5225 infeasible   67        49.00000   10.00000  79.6%  25.9  365s
 2328673  5147 infeasible   74        49.00000   10.00000  79.6%  26.1  370s
 2356304  5025 infeasible   87        49.00000   10.00000  79.6%  26.2  375s
 2385498  4897   10.00000   81   25   49.00000   10.00000  79.6%  26.3  380s
 2417691  4916   10.00000   67   21   49.00000   10.00000  79.6%  26.3  385s
 2447242  5004 infeasible   69        49.00000   10.00000  79.6%  26.4  390s
 2473064  4714   10.00000   65   23   49.00000   10.00000  79.6%  26.5  395s
 2499587  4810 infeasible   66        49.00000   10.00000  79.6%  26.6  400s
 2527256  4548   10.00000   58   26   49.00000   10.00000  79.6%  26.7  405s
 2549624  4563 infeasible   68        49.00000   10.00000  79.6%  26.8  410s
 2576685  4621   10.00000   59   31   49.00000   10.00000  79.6%  26.9  415s
 2602938  4666     cutoff   78        49.00000   10.00000  79.6%  27.0  420s
 2645198  4801   10.00000   74   18   49.00000   10.00000  79.6%  26.9  425s
 2685374  4559 infeasible   76        49.00000   10.00000  79.6%  26.8  430s
 2716489  4725 infeasible   58        49.00000   10.00000  79.6%  26.8  435s
 2744202  4943   10.00000   65   29   49.00000   10.00000  79.6%  26.9  440s
 2776544  4738 infeasible   70        49.00000   10.00000  79.6%  26.9  445s
 2805460  4827   10.00000   70   35   49.00000   10.00000  79.6%  26.9  450s
 2836429  4801     cutoff   76        49.00000   10.00000  79.6%  26.9  455s
 2868887  4439   10.00000   64   28   49.00000   10.00000  79.6%  26.9  460s
 2898367  5080   10.00000   66   48   49.00000   10.00000  79.6%  26.9  465s
 2934530  5098   10.00000   74   36   49.00000   10.00000  79.6%  26.9  470s
 2969294  4694 infeasible   65        49.00000   10.00000  79.6%  26.8  475s
 3003104  4501   10.00000   82   20   49.00000   10.00000  79.6%  26.8  480s
 3034158  4742   10.00000   62   28   49.00000   10.00000  79.6%  26.8  485s
 3061101  4732   10.00000   69   35   49.00000   10.00000  79.6%  26.9  490s
 3087251  4552   10.00000   65   40   49.00000   10.00000  79.6%  27.0  495s
 3113315  4437   10.00000   58   40   49.00000   10.00000  79.6%  27.1  500s
 3140861  4593   10.00000   54   40   49.00000   10.00000  79.6%  27.1  505s
 3172415  4716 infeasible   80        49.00000   10.00000  79.6%  27.1  510s
 3202382  4437 infeasible   80        49.00000   10.00000  79.6%  27.1  515s
 3225207  4399   10.00000   79   29   49.00000   10.00000  79.6%  27.2  520s
 3250566  4538 infeasible   68        49.00000   10.00000  79.6%  27.3  525s
 3279771  4682   10.00000   68   44   49.00000   10.00000  79.6%  27.3  530s
 3311893  4846   10.00000   66   32   49.00000   10.00000  79.6%  27.3  535s
 3346285  4510 infeasible   70        49.00000   10.00000  79.6%  27.3  540s
 3375561  4617     cutoff   81        49.00000   10.00000  79.6%  27.3  545s
 3406198  4484 infeasible   69        49.00000   10.00000  79.6%  27.3  550s
 3433709  4895   10.00000   72   30   49.00000   10.00000  79.6%  27.3  555s
 3458718  4658   10.00000   69   35   49.00000   10.00000  79.6%  27.4  560s
 3484677  4428   10.00000   74   23   49.00000   10.00000  79.6%  27.5  565s
 3519655  4389 infeasible   74        49.00000   10.00000  79.6%  27.5  570s
 3550572  4512 infeasible   66        49.00000   10.00000  79.6%  27.5  575s
 3585526  5259   10.00000   90   29   49.00000   10.00000  79.6%  27.5  580s
 3624439  5579   10.00000   75   46   49.00000   10.00000  79.6%  27.4  585s
 3669419  5228     cutoff   82        49.00000   10.00000  79.6%  27.2  590s
 3708459  4966 infeasible   79        49.00000   10.00000  79.6%  27.1  595s
 3749172  4919   10.00000   76   42   49.00000   10.00000  79.6%  27.1  600s
 3783562  4904     cutoff   76        49.00000   10.00000  79.6%  27.0  605s
 3828375  4787     cutoff   79        49.00000   10.00000  79.6%  26.8  610s
 3865421  4853   10.00000   66   24   49.00000   10.00000  79.6%  26.8  615s
 3905252  5057   10.00000   76   24   49.00000   10.00000  79.6%  26.7  620s
 3944820  5057 infeasible   75        49.00000   10.00000  79.6%  26.6  625s
 3987772  4831 infeasible   72        49.00000   10.00000  79.6%  26.5  630s
 4027922  4415   10.00000   62   47   49.00000   10.00000  79.6%  26.5  635s
 4065223  4460   10.00000   81   35   49.00000   10.00000  79.6%  26.4  640s
 4099509  4695     cutoff   85        49.00000   10.00000  79.6%  26.4  645s
 4137983  4545   10.00000   76   41   49.00000   10.00000  79.6%  26.3  650s
 4174196  4317 infeasible   68        49.00000   10.00000  79.6%  26.3  655s
 4205808  4695 infeasible   76        49.00000   10.00000  79.6%  26.3  660s
 4243213  5071   10.00000   74   29   49.00000   10.00000  79.6%  26.3  665s
 4277842  4786 infeasible   55        49.00000   10.00000  79.6%  26.2  670s
 4316229  4678   10.00000   59   27   49.00000   10.00000  79.6%  26.2  675s
 4354262  4691   10.00000   75   21   49.00000   10.00000  79.6%  26.1  680s
 4389780  4833   10.00000   57   26   49.00000   10.00000  79.6%  26.1  685s
 4427399  4572 infeasible   70        49.00000   10.00000  79.6%  26.1  690s
 4460205  4359 infeasible   79        49.00000   10.00000  79.6%  26.1  695s
 4496155  4616 infeasible   87        49.00000   10.00000  79.6%  26.0  700s
 4536056  4421   10.00000   90   31   49.00000   10.00000  79.6%  26.0  705s
 4576559  4243 infeasible   69        49.00000   10.00000  79.6%  25.9  710s
 4608646  4198     cutoff   75        49.00000   10.00000  79.6%  25.9  715s
 4645846  5100   10.00000   74   29   49.00000   10.00000  79.6%  25.9  720s
 4688995  5058     cutoff   72        49.00000   10.00000  79.6%  25.8  725s
 4724354  4967     cutoff   71        49.00000   10.00000  79.6%  25.7  730s
 4767363  5216   10.00000   60   27   49.00000   10.00000  79.6%  25.6  735s
 4809929  5429     cutoff   74        49.00000   10.00000  79.6%  25.5  740s
 4840962  5953 infeasible   64        49.00000   10.00000  79.6%  25.6  745s
 4866526  6028 infeasible   63        49.00000   10.00000  79.6%  25.6  750s
 4888655  6220 infeasible   67        49.00000   10.00000  79.6%  25.7  755s
 4910566  6089   10.00000   76   36   49.00000   10.00000  79.6%  25.8  760s
 4931837  5919 infeasible   66        49.00000   10.00000  79.6%  25.9  765s
 4956545  6196   10.00000   60   48   49.00000   10.00000  79.6%  26.0  770s
 4983615  6169 infeasible   60        49.00000   10.00000  79.6%  26.1  775s
 5011512  6157 infeasible   64        49.00000   10.00000  79.6%  26.1  780s
 5035812  6113   10.00000   68   24   49.00000   10.00000  79.6%  26.2  785s
 5060506  6314   10.00000   65   43   49.00000   10.00000  79.6%  26.2  790s
 5087417  6264   10.00000   69   35   49.00000   10.00000  79.6%  26.3  795s
 5112562  6050   10.00000   62   34   49.00000   10.00000  79.6%  26.3  800s
 5138588  5821 infeasible   66        49.00000   10.00000  79.6%  26.4  805s
 5162621  5855 infeasible   63        49.00000   10.00000  79.6%  26.5  810s
 5188379  5762   10.00000   72   33   49.00000   10.00000  79.6%  26.5  815s
H5188487  5765                      49.0000000   10.00000  79.6%  26.5  815s
 5207973  5825 infeasible   69        49.00000   10.00000  79.6%  26.6  820s
 5233214  5583 infeasible   61        49.00000   10.00000  79.6%  26.7  825s
 5258991  5735 infeasible   65        49.00000   10.00000  79.6%  26.7  830s
 5284013  5524 infeasible   63        49.00000   10.00000  79.6%  26.8  835s
 5312243  5410   10.00000   67   35   49.00000   10.00000  79.6%  26.8  840s
 5339032  5216   10.00000   73   29   49.00000   10.00000  79.6%  26.8  845s
 5369424  5177 infeasible   64        49.00000   10.00000  79.6%  26.9  850s
 5398321  5174   10.00000   57   25   49.00000   10.00000  79.6%  26.9  855s
 5427892  5392 infeasible   84        49.00000   10.00000  79.6%  26.9  860s
 5456521  5483   10.00000   70   22   49.00000   10.00000  79.6%  27.0  865s
 5481597  5450 infeasible   73        49.00000   10.00000  79.6%  27.0  870s
 5506684  5227 infeasible   68        49.00000   10.00000  79.6%  27.1  875s
 5534426  5214 infeasible   68        49.00000   10.00000  79.6%  27.1  880s
 5568797  5773   10.00000   61   33   49.00000   10.00000  79.6%  27.1  885s
H5573950  5799                      49.0000000   10.00000  79.6%  27.1  885s
 5609601  5786 infeasible   66        49.00000   10.00000  79.6%  27.0  890s
 5658605  5947     cutoff   82        49.00000   10.00000  79.6%  26.9  895s
 5707565  5661   10.00000   66   48   49.00000   10.00000  79.6%  26.8  900s
 5747122  5694 infeasible   80        49.00000   10.00000  79.6%  26.7  905s
 5781043  5654 infeasible   72        49.00000   10.00000  79.6%  26.7  910s
 5813525  5871 infeasible   84        49.00000   10.00000  79.6%  26.7  915s
 5845873  5692   10.00000   81   28   49.00000   10.00000  79.6%  26.7  920s
 5876633  5518     cutoff   76        49.00000   10.00000  79.6%  26.7  925s
 5918630  5364   10.00000   61   32   49.00000   10.00000  79.6%  26.7  930s
 5955916  5472     cutoff   79        49.00000   10.00000  79.6%  26.6  935s
 5997780  5349 infeasible   75        49.00000   10.00000  79.6%  26.5  940s
 6036029  5075   10.00000   68   26   49.00000   10.00000  79.6%  26.5  945s
 6067033  4956   10.00000   50   34   49.00000   10.00000  79.6%  26.5  950s
 6100343  4858 infeasible   68        49.00000   10.00000  79.6%  26.5  955s
 6134911  4703   10.00000   63   29   49.00000   10.00000  79.6%  26.5  960s
 6172434  4720   10.00000   65   23   49.00000   10.00000  79.6%  26.5  965s
 6206061  5287 infeasible   67        49.00000   10.00000  79.6%  26.5  970s
 6237135  5366   10.00000   77   36   49.00000   10.00000  79.6%  26.5  975s
 6265622  5307   10.00000   70   27   49.00000   10.00000  79.6%  26.5  980s
 6288731  5235 infeasible   76        49.00000   10.00000  79.6%  26.5  985s
 6324732  5449   10.00000   76   29   49.00000   10.00000  79.6%  26.5  990s
 6367075  5058 infeasible   64        49.00000   10.00000  79.6%  26.4  995s
 6398271  4819   10.00000   70   31   49.00000   10.00000  79.6%  26.4 1000s
 6426414  4716 infeasible   75        49.00000   10.00000  79.6%  26.5 1005s
 6457710  4607   10.00000   68   24   49.00000   10.00000  79.6%  26.5 1010s
 6486522  4588   10.00000   75   41   49.00000   10.00000  79.6%  26.5 1015s
 6510969  4768 infeasible   71        49.00000   10.00000  79.6%  26.6 1020s
 6536183  4796 infeasible   71        49.00000   10.00000  79.6%  26.6 1025s
 6562923  4947   10.00000   67   30   49.00000   10.00000  79.6%  26.7 1030s
 6589686  5002   10.00000   62   30   49.00000   10.00000  79.6%  26.7 1035s
 6614295  5066 infeasible   68        49.00000   10.00000  79.6%  26.8 1040s
 6641314  5201 infeasible   64        49.00000   10.00000  79.6%  26.8 1045s
 6670052  5042     cutoff   71        49.00000   10.00000  79.6%  26.8 1050s
 6696293  5033   10.00000   60   19   49.00000   10.00000  79.6%  26.9 1055s
 6721438  5291 infeasible   68        49.00000   10.00000  79.6%  26.9 1060s
 6746213  5148   10.00000   58   33   49.00000   10.00000  79.6%  27.0 1065s
 6768503  5022   10.00000   56   44   49.00000   10.00000  79.6%  27.0 1070s
 6794285  5096     cutoff   77        49.00000   10.00000  79.6%  27.0 1075s
 6820287  5373 infeasible   77        49.00000   10.00000  79.6%  27.1 1080s
 6845774  5059 infeasible   71        49.00000   10.00000  79.6%  27.1 1085s
 6874013  4949   10.00000   68   35   49.00000   10.00000  79.6%  27.1 1090s
 6900397  4744 infeasible   78        49.00000   10.00000  79.6%  27.2 1095s
 6926255  4865 infeasible   65        49.00000   10.00000  79.6%  27.2 1100s
 6955738  5304   10.00000   85   22   49.00000   10.00000  79.6%  27.2 1105s
 6992755  5187 infeasible   92        49.00000   10.00000  79.6%  27.2 1110s
 7027918  4843   10.00000   59   30   49.00000   10.00000  79.6%  27.2 1115s
 7061234  5287   10.00000   81   26   49.00000   10.00000  79.6%  27.2 1120s
 7095337  5647 infeasible   65        49.00000   10.00000  79.6%  27.2 1125s
 7130782  5832 infeasible   72        49.00000   10.00000  79.6%  27.1 1130s
H7147733  5764                      49.0000000   10.00000  79.6%  27.2 1133s
 7157807  5791 infeasible   64        49.00000   10.00000  79.6%  27.2 1135s
 7189972  6292     cutoff   83        49.00000   10.00000  79.6%  27.2 1140s
 7222517  6243 infeasible   72        49.00000   10.00000  79.6%  27.2 1145s
 7251035  6177   10.00000   64   34   49.00000   10.00000  79.6%  27.2 1150s
 7278449  6185   10.00000   72   13   49.00000   10.00000  79.6%  27.2 1155s
 7307900  5986 infeasible   67        49.00000   10.00000  79.6%  27.2 1160s
 7335335  5962   10.00000   63   32   49.00000   10.00000  79.6%  27.3 1165s
 7364333  6217 infeasible   71        49.00000   10.00000  79.6%  27.3 1170s
 7391875  6292 infeasible   72        49.00000   10.00000  79.6%  27.3 1175s
 7421194  6779   10.00000   58   37   49.00000   10.00000  79.6%  27.3 1180s
 7465848  6778   10.00000   66   21   49.00000   10.00000  79.6%  27.3 1185s
 7507262  7342     cutoff   81        49.00000   10.00000  79.6%  27.2 1190s
 7549516  6850     cutoff   83        49.00000   10.00000  79.6%  27.1 1195s
 7584139  6659   10.00000   72   35   49.00000   10.00000  79.6%  27.1 1200s
 7629252  7033   10.00000   73   29   49.00000   10.00000  79.6%  27.0 1205s
 7674104  6529   10.00000   66   23   49.00000   10.00000  79.6%  27.0 1210s
 7714517  6585     cutoff   77        49.00000   10.00000  79.6%  26.9 1215s
 7747716  6673   10.00000   68   29   49.00000   10.00000  79.6%  26.9 1220s
 7787001  6594   10.00000   82   41   49.00000   10.00000  79.6%  26.9 1225s
 7819556  6304 infeasible   65        49.00000   10.00000  79.6%  26.8 1230s
 7847182  6754   10.00000   79   30   49.00000   10.00000  79.6%  26.9 1235s
 7882143  6765   10.00000   65   23   49.00000   10.00000  79.6%  26.9 1240s
 7918102  6555 infeasible   65        49.00000   10.00000  79.6%  26.9 1245s
 7951149  6305   10.00000   78   22   49.00000   10.00000  79.6%  26.9 1250s
 7976812  6315   10.00000   71   31   49.00000   10.00000  79.6%  26.9 1255s
 8001524  7008 infeasible   66        49.00000   10.00000  79.6%  26.9 1260s
 8024858  7304 infeasible   90        49.00000   10.00000  79.6%  27.0 1265s
 8049938  7033   10.00000   84   21   49.00000   10.00000  79.6%  27.0 1270s
 8072884  6783   10.00000   79   36   49.00000   10.00000  79.6%  27.0 1275s
 8095024  6667 infeasible   77        49.00000   10.00000  79.6%  27.1 1280s
 8117240  6575 infeasible   82        49.00000   10.00000  79.6%  27.1 1285s
 8141648  6535 infeasible   73        49.00000   10.00000  79.6%  27.1 1290s
 8165958  6456 infeasible   87        49.00000   10.00000  79.6%  27.2 1295s
 8190884  6297   10.00000   72   39   49.00000   10.00000  79.6%  27.2 1300s
 8217265  6233 infeasible   71        49.00000   10.00000  79.6%  27.2 1305s
 8245679  6300     cutoff   77        49.00000   10.00000  79.6%  27.2 1310s
 8278150  6108   10.00000   62   29   49.00000   10.00000  79.6%  27.2 1315s
 8321337  6437   10.00000   77   27   49.00000   10.00000  79.6%  27.2 1320s
 8364245  6075   10.00000   76   24   49.00000   10.00000  79.6%  27.1 1325s
 8391055  6100   10.00000   62   39   49.00000   10.00000  79.6%  27.1 1330s
 8424007  6485     cutoff   86        49.00000   10.00000  79.6%  27.1 1335s
 8461286  6265 infeasible   67        49.00000   10.00000  79.6%  27.1 1340s
 8496937  6339 infeasible   81        49.00000   10.00000  79.6%  27.1 1345s
 8532907  6556   10.00000   62   24   49.00000   10.00000  79.6%  27.1 1350s
 8563702  6346   10.00000   73   27   49.00000   10.00000  79.6%  27.1 1355s
 8596099  6206 infeasible   59        49.00000   10.00000  79.6%  27.1 1360s
 8622430  6643 infeasible   64        49.00000   10.00000  79.6%  27.1 1365s
 8652296  6645   10.00000   65   25   49.00000   10.00000  79.6%  27.1 1370s
 8677816  6434   10.00000   72   36   49.00000   10.00000  79.6%  27.2 1375s
 8706637  6323   10.00000   71   44   49.00000   10.00000  79.6%  27.2 1380s
 8739471  6296   10.00000   62   32   49.00000   10.00000  79.6%  27.2 1385s
 8769621  6064 infeasible   70        49.00000   10.00000  79.6%  27.2 1390s
 8796377  6044     cutoff   80        49.00000   10.00000  79.6%  27.2 1395s
 8825667  6085   10.00000   78   16   49.00000   10.00000  79.6%  27.2 1400s
 8869084  6073     cutoff   77        49.00000   10.00000  79.6%  27.1 1405s
 8906414  5992   10.00000   81   32   49.00000   10.00000  79.6%  27.1 1410s
 8937495  5840 infeasible   71        49.00000   10.00000  79.6%  27.1 1415s
 8967804  5824     cutoff   63        49.00000   10.00000  79.6%  27.1 1420s
 8996982  5770 infeasible   69        49.00000   10.00000  79.6%  27.2 1425s
 9024423  5718 infeasible   79        49.00000   10.00000  79.6%  27.2 1430s
 9054037  5638   10.00000   61   28   49.00000   10.00000  79.6%  27.2 1435s
 9086691  5792 infeasible   70        49.00000   10.00000  79.6%  27.2 1440s
 9120463  5718   10.00000   62   33   49.00000   10.00000  79.6%  27.2 1445s
 9156704  5691 infeasible   75        49.00000   10.00000  79.6%  27.2 1450s
 9198919  5600     cutoff   70        49.00000   10.00000  79.6%  27.1 1455s
 9233443  5619 infeasible   50        49.00000   10.00000  79.6%  27.1 1460s
 9262664  5452 infeasible   83        49.00000   10.00000  79.6%  27.1 1465s
 9295509  5608   10.00000   69   30   49.00000   10.00000  79.6%  27.1 1470s
 9327036  5496 infeasible   63        49.00000   10.00000  79.6%  27.1 1475s
 9354598  5347   10.00000   62   23   49.00000   10.00000  79.6%  27.1 1480s
 9386462  5582   10.00000   67   36   49.00000   10.00000  79.6%  27.1 1485s
 9423713  5664   10.00000   80   39   49.00000   10.00000  79.6%  27.1 1490s
 9463552  5423   10.00000   73   31   49.00000   10.00000  79.6%  27.1 1495s
 9499780  5428   10.00000   60   33   49.00000   10.00000  79.6%  27.1 1500s
 9526815  5418   10.00000   62   28   49.00000   10.00000  79.6%  27.1 1505s
 9553211  5429   10.00000   64   22   49.00000   10.00000  79.6%  27.1 1510s
 9579292  5386   10.00000   68   29   49.00000   10.00000  79.6%  27.1 1515s
 9604648  5202 infeasible   67        49.00000   10.00000  79.6%  27.2 1520s
 9635753  5575 infeasible   75        49.00000   10.00000  79.6%  27.2 1525s
 9668662  5725   10.00000   87   28   49.00000   10.00000  79.6%  27.2 1530s
 9697669  5636 infeasible   82        49.00000   10.00000  79.6%  27.2 1535s
 9730997  5637     cutoff   71        49.00000   10.00000  79.6%  27.2 1540s
 9773126  5496     cutoff   78        49.00000   10.00000  79.6%  27.1 1545s
 9807669  5394   10.00000   74   30   49.00000   10.00000  79.6%  27.1 1550s
 9836582  5265   10.00000   63   32   49.00000   10.00000  79.6%  27.1 1555s
 9867852  5119 infeasible   77        49.00000   10.00000  79.6%  27.1 1560s
 9907432  5921 infeasible   67        49.00000   10.00000  79.6%  27.1 1565s
 9944659  5873   10.00000   62   20   49.00000   10.00000  79.6%  27.1 1570s
 9981120  5637 infeasible   63        49.00000   10.00000  79.6%  27.1 1575s
 10010121  5863   10.00000   65   31   49.00000   10.00000  79.6%  27.1 1580s
 10033213  5993 infeasible   65        49.00000   10.00000  79.6%  27.1 1585s
 10058490  6106 infeasible   69        49.00000   10.00000  79.6%  27.1 1590s
 10082552  5909   10.00000   68   23   49.00000   10.00000  79.6%  27.2 1595s
 10106513  6174   10.00000   68   32   49.00000   10.00000  79.6%  27.2 1600s
 10129793  6127 infeasible   76        49.00000   10.00000  79.6%  27.3 1605s
 10152792  5989 infeasible   63        49.00000   10.00000  79.6%  27.3 1610s
 10178250  5787   10.00000   66   29   49.00000   10.00000  79.6%  27.3 1615s
 10203867  5736 infeasible   74        49.00000   10.00000  79.6%  27.4 1620s
 10235474  6373   10.00000   65   36   49.00000   10.00000  79.6%  27.4 1625s
 10275158  6134   10.00000   63   47   49.00000   10.00000  79.6%  27.3 1630s
 10314135  5990   10.00000   76   24   49.00000   10.00000  79.6%  27.3 1635s
 10343378  5852   10.00000   69   31   49.00000   10.00000  79.6%  27.3 1640s
 10381949  6455     cutoff   74        49.00000   10.00000  79.6%  27.3 1645s
 10432260  6539   10.00000   80   27   49.00000   10.00000  79.6%  27.2 1650s
 10480653  6358   10.00000   72   30   49.00000   10.00000  79.6%  27.1 1655s
 10528575  6113   10.00000   77   26   49.00000   10.00000  79.6%  27.0 1660s
 10574354  6036     cutoff   72        49.00000   10.00000  79.6%  27.0 1665s
 10617274  5878 infeasible   68        49.00000   10.00000  79.6%  26.9 1670s
 10645740  5719 infeasible   57        49.00000   10.00000  79.6%  27.0 1675s
 10672018  6056   10.00000   67   29   49.00000   10.00000  79.6%  27.0 1680s
 10701765  5969   10.00000   73   36   49.00000   10.00000  79.6%  27.0 1685s
 10732918  5821     cutoff   79        49.00000   10.00000  79.6%  27.0 1690s
 10763638  5704   10.00000   67   39   49.00000   10.00000  79.6%  27.0 1695s
 10792108  5673 infeasible   64        49.00000   10.00000  79.6%  27.0 1700s
 10820552  5743 infeasible   66        49.00000   10.00000  79.6%  27.0 1705s
 10846156  5887   10.00000   57   39   49.00000   10.00000  79.6%  27.1 1710s
 10872462  5887 infeasible   70        49.00000   10.00000  79.6%  27.1 1715s
 10897332  5701   10.00000   64   41   49.00000   10.00000  79.6%  27.1 1720s
 10921197  5646 infeasible   59        49.00000   10.00000  79.6%  27.1 1725s
 10949820  6130 infeasible   64        49.00000   10.00000  79.6%  27.2 1730s
 10990732  6188   10.00000   77   27   49.00000   10.00000  79.6%  27.1 1735s
 11033761  5956   10.00000   71   27   49.00000   10.00000  79.6%  27.1 1740s
 11066284  5934 infeasible   71        49.00000   10.00000  79.6%  27.1 1745s
 11098383  5922 infeasible   70        49.00000   10.00000  79.6%  27.1 1750s
 11129007  5646   10.00000   69   33   49.00000   10.00000  79.6%  27.1 1755s
 11158331  5777   10.00000   68   17   49.00000   10.00000  79.6%  27.1 1760s
 11200471  6174 infeasible   73        49.00000   10.00000  79.6%  27.1 1765s
 11238177  5831   10.00000   78   25   49.00000   10.00000  79.6%  27.0 1770s
 11275325  5735   10.00000   66   24   49.00000   10.00000  79.6%  27.0 1775s
 11312163  5567   10.00000   69   32   49.00000   10.00000  79.6%  27.0 1780s
 11344436  5581   10.00000   77   27   49.00000   10.00000  79.6%  27.0 1785s
 11375612  5881 infeasible   71        49.00000   10.00000  79.6%  27.0 1790s
 11415298  5856 infeasible   74        49.00000   10.00000  79.6%  27.0 1795s
 11452273  5928   10.00000   76   34   49.00000   10.00000  79.6%  27.0 1800s
 11488616  5873   10.00000   73   27   49.00000   10.00000  79.6%  26.9 1805s
 11521399  5735 infeasible   78        49.00000   10.00000  79.6%  26.9 1810s
 11561242  5909   10.00000   83   20   49.00000   10.00000  79.6%  26.9 1815s
 11604180  5707 infeasible   78        49.00000   10.00000  79.6%  26.9 1820s
 11644251  5686   10.00000   80   25   49.00000   10.00000  79.6%  26.8 1825s
 11686471  5629   10.00000   86   23   49.00000   10.00000  79.6%  26.8 1830s
 11726965  5491   10.00000   65   31   49.00000   10.00000  79.6%  26.8 1835s
 11761973  5488     cutoff   70        49.00000   10.00000  79.6%  26.8 1840s
 11791341  5531 infeasible   68        49.00000   10.00000  79.6%  26.8 1845s
 11822641  5439   10.00000   57   29   49.00000   10.00000  79.6%  26.8 1850s
 11851045  5554 infeasible   66        49.00000   10.00000  79.6%  26.8 1855s
 11878770  5433     cutoff   78        49.00000   10.00000  79.6%  26.8 1860s
 11911202  5416   10.00000   69   27   49.00000   10.00000  79.6%  26.8 1865s
 11946221  5664 infeasible   55        49.00000   10.00000  79.6%  26.8 1870s
 11984161  5435 infeasible   60        49.00000   10.00000  79.6%  26.8 1875s
 12018912  5653   10.00000   65   24   49.00000   10.00000  79.6%  26.8 1880s
 12051744  6262 infeasible   67        49.00000   10.00000  79.6%  26.8 1885s
 12077309  6223 infeasible   71        49.00000   10.00000  79.6%  26.8 1890s
 12099703  6030 infeasible   71        49.00000   10.00000  79.6%  26.8 1895s
 12128299  5941 infeasible   64        49.00000   10.00000  79.6%  26.8 1900s
 12173928  6160   10.00000   78   30   49.00000   10.00000  79.6%  26.8 1905s
 12214538  6020     cutoff   81        49.00000   10.00000  79.6%  26.8 1910s
 12256642  5602     cutoff   80        49.00000   10.00000  79.6%  26.7 1915s
 12294850  5312   10.00000   75   19   49.00000   10.00000  79.6%  26.7 1920s
 12331719  5651 infeasible   84        49.00000   10.00000  79.6%  26.7 1925s
 12375822  5413 infeasible   78        49.00000   10.00000  79.6%  26.7 1930s
 12420673  5438   10.00000   74   28   49.00000   10.00000  79.6%  26.6 1935s
 12464981  5539   10.00000   71   33   49.00000   10.00000  79.6%  26.6 1940s
 12512337  5508 infeasible   64        49.00000   10.00000  79.6%  26.6 1945s
 12560061  5510   10.00000   64   30   49.00000   10.00000  79.6%  26.5 1950s
 12607036  5535 infeasible   58        49.00000   10.00000  79.6%  26.5 1955s
 12650368  5426   10.00000   75   26   49.00000   10.00000  79.6%  26.5 1960s
 12689942  5372   10.00000   69   19   49.00000   10.00000  79.6%  26.5 1965s
 12724041  5310   10.00000   69   22   49.00000   10.00000  79.6%  26.5 1970s
 12747673  5193   10.00000   59   35   49.00000   10.00000  79.6%  26.5 1975s
 12776001  5108   10.00000   62   39   49.00000   10.00000  79.6%  26.5 1980s
 12804271  5473 infeasible   63        49.00000   10.00000  79.6%  26.6 1985s
 12831203  5312 infeasible   64        49.00000   10.00000  79.6%  26.6 1990s
 12858246  5088   10.00000   67   31   49.00000   10.00000  79.6%  26.6 1995s
 12887762  5085   10.00000   68   35   49.00000   10.00000  79.6%  26.6 2000s
 12923859  5492 infeasible   84        49.00000   10.00000  79.6%  26.6 2005s
 12968078  5326   10.00000   74   26   49.00000   10.00000  79.6%  26.6 2010s
 13005397  5065   10.00000   70   26   49.00000   10.00000  79.6%  26.6 2015s
 13046426  5472   10.00000   77   23   49.00000   10.00000  79.6%  26.6 2020s
 13087533  5054   10.00000   60   32   49.00000   10.00000  79.6%  26.6 2025s
 13121339  5153 infeasible   66        49.00000   10.00000  79.6%  26.6 2030s
 13156850  5013 infeasible   74        49.00000   10.00000  79.6%  26.6 2035s
 13189383  5474   10.00000   76   30   49.00000   10.00000  79.6%  26.6 2040s
 13232223  5850   10.00000   85   25   49.00000   10.00000  79.6%  26.5 2045s
 13285315  5646   10.00000   78   35   49.00000   10.00000  79.6%  26.5 2050s
 13339426  5650     cutoff   87        49.00000   10.00000  79.6%  26.4 2055s
 13391823  5481   10.00000   65   36   49.00000   10.00000  79.6%  26.4 2060s
 13444613  5277     cutoff   86        49.00000   10.00000  79.6%  26.3 2065s
 13482759  5148   10.00000   78   22   49.00000   10.00000  79.6%  26.3 2070s
 13518325  5093   10.00000   55   23   49.00000   10.00000  79.6%  26.3 2075s
 13552106  4934   10.00000   61   34   49.00000   10.00000  79.6%  26.3 2080s
 13582838  5290 infeasible   75        49.00000   10.00000  79.6%  26.3 2085s
 13613571  5270 infeasible   62        49.00000   10.00000  79.6%  26.3 2090s
 13647203  5027     cutoff   83        49.00000   10.00000  79.6%  26.3 2095s
 13680057  5056   10.00000   57   43   49.00000   10.00000  79.6%  26.3 2100s
 13726001  5380   10.00000   74   29   49.00000   10.00000  79.6%  26.3 2105s
 13771776  4939     cutoff   78        49.00000   10.00000  79.6%  26.2 2110s
 13804860  5244   10.00000   66   26   49.00000   10.00000  79.6%  26.2 2115s
 13835463  5511   10.00000   67   40   49.00000   10.00000  79.6%  26.2 2120s
 13881406  5440     cutoff   59        49.00000   10.00000  79.6%  26.2 2125s
 13925127  5177   10.00000   60   12   49.00000   10.00000  79.6%  26.2 2130s
 13960169  5042   10.00000   63   33   49.00000   10.00000  79.6%  26.2 2135s
 13997555  5385 infeasible   71        49.00000   10.00000  79.6%  26.2 2140s
 14029513  5182     cutoff   70        49.00000   10.00000  79.6%  26.2 2145s
 14065100  4956   10.00000   66   23   49.00000   10.00000  79.6%  26.2 2150s
 14096802  4907 infeasible   76        49.00000   10.00000  79.6%  26.2 2155s
 14122958  5008   10.00000   62   23   49.00000   10.00000  79.6%  26.2 2160s
 14149455  4947 infeasible   71        49.00000   10.00000  79.6%  26.3 2165s
 14183378  4902   10.00000   67   18   49.00000   10.00000  79.6%  26.3 2170s
 14215941  5152 infeasible   65        49.00000   10.00000  79.6%  26.3 2175s
 14248500  5548 infeasible   67        49.00000   10.00000  79.6%  26.3 2180s
 14288525  5437   10.00000   58   25   49.00000   10.00000  79.6%  26.3 2185s
 14329992  5225   10.00000   86   21   49.00000   10.00000  79.6%  26.3 2190s
 14373142  5032 infeasible   67        49.00000   10.00000  79.6%  26.2 2195s
 14400952  5233   10.00000   63   31   49.00000   10.00000  79.6%  26.2 2200s
 14436793  4970     cutoff   81        49.00000   10.00000  79.6%  26.2 2205s
 14477319  5098     cutoff   77        49.00000   10.00000  79.6%  26.2 2210s
 14517294  4846     cutoff   87        49.00000   10.00000  79.6%  26.2 2215s
 14548000  4723 infeasible   66        49.00000   10.00000  79.6%  26.2 2220s
 14575331  5090   10.00000   81   27   49.00000   10.00000  79.6%  26.2 2225s
 14618440  5773   10.00000   75   25   49.00000   10.00000  79.6%  26.2 2230s
 14656970  5515   10.00000   76   28   49.00000   10.00000  79.6%  26.2 2235s
 14701147  5141     cutoff   85        49.00000   10.00000  79.6%  26.2 2240s
 14739651  4923     cutoff   83        49.00000   10.00000  79.6%  26.2 2245s
 14770494  4832   10.00000   68   32   49.00000   10.00000  79.6%  26.2 2250s
 14792496  4799 infeasible   71        49.00000   10.00000  79.6%  26.2 2255s
 14819623  4791   10.00000   68   35   49.00000   10.00000  79.6%  26.2 2260s
 14847076  4779 infeasible   66        49.00000   10.00000  79.6%  26.2 2265s
 14875475  5088 infeasible   72        49.00000   10.00000  79.6%  26.3 2270s
 14903091  5464   10.00000   73   34   49.00000   10.00000  79.6%  26.3 2275s
 14929955  5459   10.00000   60   36   49.00000   10.00000  79.6%  26.3 2280s
 14956877  5258   10.00000   61   26   49.00000   10.00000  79.6%  26.3 2285s
 14987469  5178 infeasible   68        49.00000   10.00000  79.6%  26.3 2290s
 15023316  5256 infeasible   72        49.00000   10.00000  79.6%  26.3 2295s
 15056874  5019 infeasible   64        49.00000   10.00000  79.6%  26.3 2300s
 15088166  5151     cutoff   77        49.00000   10.00000  79.6%  26.3 2305s
 15133154  5169   10.00000   79   19   49.00000   10.00000  79.6%  26.3 2310s
 15171089  4936 infeasible   71        49.00000   10.00000  79.6%  26.3 2315s
 15211468  5006   10.00000   80   23   49.00000   10.00000  79.6%  26.3 2320s
 15255677  4810   10.00000   69   20   49.00000   10.00000  79.6%  26.3 2325s
 15283093  4763 infeasible   72        49.00000   10.00000  79.6%  26.3 2330s
 15310114  4863 infeasible   66        49.00000   10.00000  79.6%  26.3 2335s
 15339059  5193     cutoff   82        49.00000   10.00000  79.6%  26.3 2340s
 15393353  5335     cutoff   79        49.00000   10.00000  79.6%  26.3 2345s
 15448594  5192     cutoff   74        49.00000   10.00000  79.6%  26.2 2350s
 15489304  5173   10.00000   69   33   49.00000   10.00000  79.6%  26.2 2355s
 15529415  4907 infeasible   68        49.00000   10.00000  79.6%  26.2 2360s
 15568273  4594   10.00000   68   21   49.00000   10.00000  79.6%  26.2 2365s
 15599102  4683   10.00000   58   35   49.00000   10.00000  79.6%  26.2 2370s
 15632685  4990   10.00000   58   34   49.00000   10.00000  79.6%  26.2 2375s
 15671557  4886   10.00000   67   22   49.00000   10.00000  79.6%  26.2 2380s
 15705067  4582 infeasible   68        49.00000   10.00000  79.6%  26.2 2385s
 15741207  5429 infeasible   70        49.00000   10.00000  79.6%  26.2 2390s
 15783046  5530     cutoff   76        49.00000   10.00000  79.6%  26.2 2395s
 15836823  5202   10.00000   89   28   49.00000   10.00000  79.6%  26.1 2400s
 15878265  4932     cutoff   81        49.00000   10.00000  79.6%  26.1 2405s
 15925288  4912   10.00000   77   24   49.00000   10.00000  79.6%  26.1 2410s
 15978238  4779   10.00000   73   30   49.00000   10.00000  79.6%  26.0 2415s
 16018498  4668   10.00000   67   26   49.00000   10.00000  79.6%  26.0 2420s
 16050741  3897   10.00000   70   23   49.00000   10.00000  79.6%  26.0 2425s
 16075300  4391   10.00000   65   17   49.00000   10.00000  79.6%  26.1 2430s
 16099662  4443 infeasible   69        49.00000   10.00000  79.6%  26.1 2435s
 16123515  4308   10.00000   70   39   49.00000   10.00000  79.6%  26.1 2440s
 16146317  4710 infeasible   68        49.00000   10.00000  79.6%  26.1 2445s
 16168908  4741   10.00000   60   48   49.00000   10.00000  79.6%  26.2 2450s
 16191600  4585 infeasible   72        49.00000   10.00000  79.6%  26.2 2455s
 16213981  4428   10.00000   64   25   49.00000   10.00000  79.6%  26.2 2460s
 16243163  4974 infeasible   74        49.00000   10.00000  79.6%  26.2 2465s
 16276736  5393     cutoff   74        49.00000   10.00000  79.6%  26.2 2470s
 16314228  5362 infeasible   69        49.00000   10.00000  79.6%  26.2 2475s
 16341106  5353   10.00000   75   29   49.00000   10.00000  79.6%  26.3 2480s
 16366652  5117     cutoff   77        49.00000   10.00000  79.6%  26.3 2485s
 16401793  5421 infeasible   86        49.00000   10.00000  79.6%  26.3 2490s
 16433248  5733   10.00000   72   29   49.00000   10.00000  79.6%  26.3 2495s
 16475798  5657 infeasible   76        49.00000   10.00000  79.6%  26.3 2500s
 16514052  5701   10.00000   72   38   49.00000   10.00000  79.6%  26.2 2505s
 16552628  5425 infeasible   73        49.00000   10.00000  79.6%  26.2 2510s
 16589156  5449   10.00000   83   24   49.00000   10.00000  79.6%  26.2 2515s
 16627891  5287   10.00000   84   32   49.00000   10.00000  79.6%  26.2 2520s
 16662235  4799   10.00000   69   32   49.00000   10.00000  79.6%  26.2 2525s
 16697686  4767   10.00000   68   28   49.00000   10.00000  79.6%  26.2 2530s
 16735504  4964   10.00000   75   25   49.00000   10.00000  79.6%  26.2 2535s
 16773826  4804   10.00000   73   30   49.00000   10.00000  79.6%  26.2 2540s
 16809399  4546   10.00000   78   19   49.00000   10.00000  79.6%  26.2 2545s
 16849042  4515     cutoff   77        49.00000   10.00000  79.6%  26.2 2550s
 16888672  4362   10.00000   88   22   49.00000   10.00000  79.6%  26.2 2555s
 16921932  4337 infeasible   77        49.00000   10.00000  79.6%  26.2 2560s
 16946618  4153   10.00000   68   40   49.00000   10.00000  79.6%  26.2 2565s
 16977276  2652   20.00000   51   33   49.00000   20.00000  59.2%  26.2 2570s
 17004572  3930 infeasible   65        49.00000   20.00000  59.2%  26.2 2575s
 17031056  4226 infeasible   65        49.00000   20.00000  59.2%  26.2 2580s
 17055627  4387 infeasible   75        49.00000   20.00000  59.2%  26.3 2585s
 17080287  4136   20.00000   63   21   49.00000   20.00000  59.2%  26.3 2590s
 17106642  3947 infeasible   71        49.00000   20.00000  59.2%  26.3 2595s
 17133029  3859 infeasible   70        49.00000   20.00000  59.2%  26.3 2600s
 17159888  3988 infeasible   69        49.00000   20.00000  59.2%  26.3 2605s
 17184402  3948 infeasible   74        49.00000   20.00000  59.2%  26.4 2610s
 17211103  3702 infeasible   66        49.00000   20.00000  59.2%  26.4 2615s
 17237758  3602   20.00000   67   18   49.00000   20.00000  59.2%  26.4 2620s
 17264292  3628   20.00000   63   39   49.00000   20.00000  59.2%  26.4 2625s
 17291202  3542   20.00000   60   36   49.00000   20.00000  59.2%  26.5 2630s
 17318009  3420   20.00000   64   23   49.00000   20.00000  59.2%  26.5 2635s
 17348266  3343 infeasible   68        49.00000   20.00000  59.2%  26.5 2640s
 17376660  3661   20.00000   69   25   49.00000   20.00000  59.2%  26.5 2645s
 17404791  3441 infeasible   83        49.00000   20.00000  59.2%  26.5 2650s
 17434421  3411 infeasible   72        49.00000   20.00000  59.2%  26.5 2655s
 17461750  3428 infeasible   66        49.00000   20.00000  59.2%  26.6 2660s
 17490037  3251   20.00000   67   17   49.00000   20.00000  59.2%  26.6 2665s
 17517608  3350   20.00000   66   39   49.00000   20.00000  59.2%  26.6 2670s
 17541132  3258 infeasible   62        49.00000   20.00000  59.2%  26.6 2675s
 17569380  3739 infeasible   80        49.00000   20.00000  59.2%  26.6 2680s
 17596831  3958 infeasible   76        49.00000   20.00000  59.2%  26.6 2685s
 17623253  3759 infeasible   70        49.00000   20.00000  59.2%  26.7 2690s
 17649798  3796 infeasible   70        49.00000   20.00000  59.2%  26.7 2695s
 17677630  3485 infeasible   72        49.00000   20.00000  59.2%  26.7 2700s
 17704014  3409   20.00000   68   28   49.00000   20.00000  59.2%  26.7 2705s
 17732518  3380 infeasible   71        49.00000   20.00000  59.2%  26.7 2710s
 17758736  3261   20.00000   64   35   49.00000   20.00000  59.2%  26.7 2715s
 17785936  3314 infeasible   75        49.00000   20.00000  59.2%  26.8 2720s
 17814773  3330   20.00000   68   34   49.00000   20.00000  59.2%  26.8 2725s
 17846148  3530   20.00000   67   30   49.00000   20.00000  59.2%  26.8 2730s
 17876588  3498   20.00000   63   27   49.00000   20.00000  59.2%  26.8 2735s
 17905391  3396 infeasible   59        49.00000   20.00000  59.2%  26.8 2740s
 17931253  3313 infeasible   64        49.00000   20.00000  59.2%  26.8 2745s
 17959875  3242   20.00000   56   19   49.00000   20.00000  59.2%  26.8 2750s
 17987476  3440 infeasible   69        49.00000   20.00000  59.2%  26.9 2755s
 18013859  3394 infeasible   58        49.00000   20.00000  59.2%  26.9 2760s
 18039931  3158   20.00000   60   34   49.00000   20.00000  59.2%  26.9 2765s
 18067152  3240 infeasible   65        49.00000   20.00000  59.2%  26.9 2770s
 18094299  3308   20.00000   58   21   49.00000   20.00000  59.2%  26.9 2775s
 18124745  3333   20.00000   58   23   49.00000   20.00000  59.2%  27.0 2780s
 18155374  3249 infeasible   75        49.00000   20.00000  59.2%  27.0 2785s
 18185182  3092   20.00000   69   34   49.00000   20.00000  59.2%  27.0 2790s
 18213030  3266   20.00000   71   37   49.00000   20.00000  59.2%  27.0 2795s
 18241884  3168   20.00000   66   27   49.00000   20.00000  59.2%  27.0 2800s
 18271615  3160 infeasible   74        49.00000   20.00000  59.2%  27.0 2805s
 18300527  3336   20.00000   59   38   49.00000   20.00000  59.2%  27.1 2810s
 18327759  3309 infeasible   61        49.00000   20.00000  59.2%  27.1 2815s
 18357126  3034 infeasible   70        49.00000   20.00000  59.2%  27.1 2820s
 18386855  3490 infeasible   63        49.00000   20.00000  59.2%  27.1 2825s
 18413358  3334 infeasible   64        49.00000   20.00000  59.2%  27.1 2830s
 18441176  3226   20.00000   64   38   49.00000   20.00000  59.2%  27.1 2835s
 18472230  3189   20.00000   60   27   49.00000   20.00000  59.2%  27.1 2840s
 18506478  3359 infeasible   72        49.00000   20.00000  59.2%  27.2 2845s
 18535917  3229   20.00000   74   28   49.00000   20.00000  59.2%  27.2 2850s
 18565002  3146     cutoff   69        49.00000   20.00000  59.2%  27.2 2855s
 18594611  3665   20.00000   59   41   49.00000   20.00000  59.2%  27.2 2860s
 18629452  3566 infeasible   69        49.00000   20.00000  59.2%  27.2 2865s
 18664987  3575   20.00000   64   20   49.00000   20.00000  59.2%  27.2 2870s
 18698052  3462   20.00000   70   18   49.00000   20.00000  59.2%  27.2 2875s
 18730084  3332   20.00000   76   32   49.00000   20.00000  59.2%  27.2 2880s
 18766207  3200   20.00000   58   26   49.00000   20.00000  59.2%  27.2 2885s
 18810263  3274     cutoff   75        49.00000   20.00000  59.2%  27.2 2890s
 18843095  3165   20.00000   65   21   49.00000   20.00000  59.2%  27.2 2895s
 18882246  3403   20.00000   70   25   49.00000   20.00000  59.2%  27.2 2900s
 18926926  3116   20.00000   79   28   49.00000   20.00000  59.2%  27.1 2905s
 18961343  3357   20.00000   80   41   49.00000   20.00000  59.2%  27.1 2910s
 18989815  3748   20.00000   75   29   49.00000   20.00000  59.2%  27.2 2915s
 19019052  3417   20.00000   60   39   49.00000   20.00000  59.2%  27.2 2920s
 19049239  3265   20.00000   68   24   49.00000   20.00000  59.2%  27.2 2925s
 19075821  3246 infeasible   63        49.00000   20.00000  59.2%  27.2 2930s
 19106058  3193   20.00000   81   40   49.00000   20.00000  59.2%  27.2 2935s
 19135429  3052 infeasible   61        49.00000   20.00000  59.2%  27.2 2940s
 19162806  3391   20.00000   68   23   49.00000   20.00000  59.2%  27.2 2945s
 19189323  3353 infeasible   64        49.00000   20.00000  59.2%  27.3 2950s
 19214738  3311   20.00000   68   33   49.00000   20.00000  59.2%  27.3 2955s
 19242108  3140 infeasible   61        49.00000   20.00000  59.2%  27.3 2960s
 19268752  3217 infeasible   66        49.00000   20.00000  59.2%  27.3 2965s
 19296138  3057 infeasible   71        49.00000   20.00000  59.2%  27.3 2970s
 19327374  3326 infeasible   67        49.00000   20.00000  59.2%  27.3 2975s
 19358964  3758   20.00000   76   26   49.00000   20.00000  59.2%  27.4 2980s
 19389037  3619 infeasible   65        49.00000   20.00000  59.2%  27.4 2985s
 19416729  3439 infeasible   77        49.00000   20.00000  59.2%  27.4 2990s
 19449014  3103     cutoff   68        49.00000   20.00000  59.2%  27.4 2995s
 19484550  3055 infeasible   74        49.00000   20.00000  59.2%  27.4 3000s
 19520378  3031   20.00000   58   31   49.00000   20.00000  59.2%  27.4 3005s
 19546281  3279   20.00000   52   34   49.00000   20.00000  59.2%  27.4 3010s
 19575522  3255 infeasible   64        49.00000   20.00000  59.2%  27.4 3015s
 19603846  3161   20.00000   61   43   49.00000   20.00000  59.2%  27.4 3020s
 19631496  3249 infeasible   69        49.00000   20.00000  59.2%  27.4 3025s
 19660176  3187   20.00000   66   34   49.00000   20.00000  59.2%  27.4 3030s
 19688899  3052   20.00000   55   38   49.00000   20.00000  59.2%  27.5 3035s
 19719938  3699   20.00000   61   27   49.00000   20.00000  59.2%  27.5 3040s
 19749296  4080   20.00000   69   41   49.00000   20.00000  59.2%  27.5 3045s
 19777602  4171   20.00000   71   26   49.00000   20.00000  59.2%  27.5 3050s
 19799913  4045 infeasible   75        49.00000   20.00000  59.2%  27.5 3055s
 19827472  3997 infeasible   72        49.00000   20.00000  59.2%  27.5 3060s
 19854913  3949   20.00000   60   33   49.00000   20.00000  59.2%  27.5 3065s
 19883553  3936 infeasible   62        49.00000   20.00000  59.2%  27.5 3070s
 19910855  3863   20.00000   59   43   49.00000   20.00000  59.2%  27.6 3075s
 19938088  3717 infeasible   68        49.00000   20.00000  59.2%  27.6 3080s
 19966598  3767 infeasible   70        49.00000   20.00000  59.2%  27.6 3085s
 19998580  3557 infeasible   65        49.00000   20.00000  59.2%  27.6 3090s
 20031044  3650 infeasible   75        49.00000   20.00000  59.2%  27.6 3095s
 20057998  3600 infeasible   74        49.00000   20.00000  59.2%  27.6 3100s
 20084360  3404   20.00000   63   30   49.00000   20.00000  59.2%  27.6 3105s
 20113144  3272   20.00000   64   27   49.00000   20.00000  59.2%  27.6 3110s
 20139544  3251   20.00000   71   25   49.00000   20.00000  59.2%  27.7 3115s
 20165791  3301   20.00000   59   24   49.00000   20.00000  59.2%  27.7 3120s
 20192526  3458   20.00000   67   29   49.00000   20.00000  59.2%  27.7 3125s
 20216397  3430   20.00000   71   33   49.00000   20.00000  59.2%  27.7 3130s
 20244280  3304   20.00000   60   37   49.00000   20.00000  59.2%  27.7 3135s
 20269904  3357 infeasible   68        49.00000   20.00000  59.2%  27.7 3140s
 20295432  3372   20.00000   69   30   49.00000   20.00000  59.2%  27.7 3145s
 20319863  3332   20.00000   68   31   49.00000   20.00000  59.2%  27.8 3150s
 20346427  3238 infeasible   73        49.00000   20.00000  59.2%  27.8 3155s
 20374979  3089 infeasible   64        49.00000   20.00000  59.2%  27.8 3160s
 20405518  3432 infeasible   66        49.00000   20.00000  59.2%  27.8 3165s
 20431480  3442   20.00000   62   36   49.00000   20.00000  59.2%  27.8 3170s
 20458248  3346   20.00000   59   40   49.00000   20.00000  59.2%  27.8 3175s
 20484051  3239 infeasible   67        49.00000   20.00000  59.2%  27.8 3180s
 20509906  3433   20.00000   63   19   49.00000   20.00000  59.2%  27.9 3185s
 20534142  3366 infeasible   72        49.00000   20.00000  59.2%  27.9 3190s
 20558325  3142   20.00000   67   35   49.00000   20.00000  59.2%  27.9 3195s
 20582907  3110   20.00000   58   41   49.00000   20.00000  59.2%  27.9 3200s
 20609567  3090 infeasible   64        49.00000   20.00000  59.2%  27.9 3205s
H20613645  3178                      49.0000000   20.00000  59.2%  27.9 3206s
 20634416  3339 infeasible   69        49.00000   20.00000  59.2%  27.9 3210s
 20662553  3286   20.00000   61   29   49.00000   20.00000  59.2%  28.0 3215s
 20690191  3137   20.00000   64   33   49.00000   20.00000  59.2%  28.0 3220s
 20731686  3696     cutoff   72        49.00000   20.00000  59.2%  28.0 3225s
 20782788  3720     cutoff   76        49.00000   20.00000  59.2%  27.9 3230s
 20832342  3530     cutoff   76        49.00000   20.00000  59.2%  27.9 3235s
 20880129  3477   20.00000   74   17   49.00000   20.00000  59.2%  27.9 3240s
 20917658  3171 infeasible   65        49.00000   20.00000  59.2%  27.9 3245s
 20946875  3196   20.00000   64   52   49.00000   20.00000  59.2%  27.9 3250s
 20975230  3246   20.00000   76   29   49.00000   20.00000  59.2%  27.9 3255s
 20999438  3169   20.00000   66   30   49.00000   20.00000  59.2%  27.9 3260s
 21025840  3659 infeasible   75        49.00000   20.00000  59.2%  27.9 3265s
 21054182  3641   20.00000   75   15   49.00000   20.00000  59.2%  27.9 3270s
 21081310  3441   20.00000   62   29   49.00000   20.00000  59.2%  27.9 3275s
 21109716  3523 infeasible   73        49.00000   20.00000  59.2%  27.9 3280s
 21137895  3339 infeasible   67        49.00000   20.00000  59.2%  28.0 3285s
 21166206  3359   20.00000   69   19   49.00000   20.00000  59.2%  28.0 3290s
 21196481  3286 infeasible   77        49.00000   20.00000  59.2%  28.0 3295s
 21223621  3317 infeasible   77        49.00000   20.00000  59.2%  28.0 3300s
 21252797  3369 infeasible   62        49.00000   20.00000  59.2%  28.0 3305s
 21282359  3535   20.00000   62   27   49.00000   20.00000  59.2%  28.0 3310s
 21313574  3501   20.00000   80   33   49.00000   20.00000  59.2%  28.0 3315s
 21344579  3352   20.00000   65   28   49.00000   20.00000  59.2%  28.0 3320s
 21371682  3237 infeasible   75        49.00000   20.00000  59.2%  28.0 3325s
 21401739  3638   20.00000   67   28   49.00000   20.00000  59.2%  28.0 3330s
 21430689  3537   20.00000   76   30   49.00000   20.00000  59.2%  28.0 3335s
 21461178  3415   20.00000   75   31   49.00000   20.00000  59.2%  28.0 3340s
 21490979  3100   20.00000   69   21   49.00000   20.00000  59.2%  28.1 3345s
 21519097  3137   20.00000   71   19   49.00000   20.00000  59.2%  28.1 3350s
 21548485  3178   20.00000   66   31   49.00000   20.00000  59.2%  28.1 3355s
 21578746  3236 infeasible   68        49.00000   20.00000  59.2%  28.1 3360s
 21608589  2976 infeasible   80        49.00000   20.00000  59.2%  28.1 3365s
 21636558  3371 infeasible   70        49.00000   20.00000  59.2%  28.1 3370s
 21665025  3511 infeasible   69        49.00000   20.00000  59.2%  28.1 3375s
 21694537  3257 infeasible   82        49.00000   20.00000  59.2%  28.1 3380s
 21722253  3256 infeasible   76        49.00000   20.00000  59.2%  28.1 3385s
H21734180  3238                      49.0000000   20.00000  59.2%  28.2 3387s
 21749570  3148 infeasible   66        49.00000   20.00000  59.2%  28.2 3390s
 21779064  3043 infeasible   77        49.00000   20.00000  59.2%  28.2 3395s

Cutting planes:
  Learned: 21
  Cover: 2
  Implied bound: 13
  Projected implied bound: 3
  MIR: 18
  Mixing: 1
  Flow cover: 86
  RLT: 16
  Relax-and-lift: 3
  BQP: 1

Explored 21803205 nodes (614249065 simplex iterations) in 3398.86 seconds (5966.92 work units)
Thread count was 8 (of 192 available processors)

Solution count 10: 49 49 49 ... 124

Optimal solution found (tolerance 1.00e-04)
Best objective 4.900000000000e+01, best bound 4.900000000000e+01, gap 0.0000%

User-callback calls 45728330, time in user-callback 6.44 sec

AVANT CALCUL DES AUTRES INDICATEURS
Obj_rho = 33
Obj_lambda = 1
Obj_phi = 0
AVANT CALCUL DES AUTRES INDICATEURS
Obj_rho = 33
Obj_lambda = 1
Obj_phi = 0
✅ Solution trouvée (status: OPTIMAL)
🎯 Objective global: 49.0
⏱️ Time used: 3398.87
Nombre de vols satisfaits: 196
Nombre de vols non satisfaits: 0

✈️ Paths for each aircraft:

🛩️ Aircraft N607AS path (26 nodes): s_(u=0, v=0, w=0) ➡️  N607AS_(u=3313, v=28, w=6) ➡️  ANC_SEA_162_428_(u=3487, v=29, w=6) ➡️  SEA_ANC_582_739_(u=3681, v=30, w=6) ➡️  ANC_SEA_1062_1344_(u=3869, v=31, w=6) ➡️  SEA_SJC_1855_1984_(u=3979, v=32, w=7) ➡️  SJC_SEA_2047_2171_(u=4076, v=33, w=7) ➡️  SEA_SBA_2265_2429_(u=4207, v=34, w=7) ➡️  SBA_SEA_2482_2633_(u=4323, v=35, w=7) ➡️  SEA_PDX_2732_2790_(u=4352, v=36, w=7) ➡️  PDX_SEA_3178_3252_(u=4388, v=37, w=8) ➡️  SEA_LAS_3342_3511_(u=4516, v=38, w=8) ➡️  LAS_SEA_3563_3728_(u=4651, v=39, w=8) ➡️  SEA_LAS_3857_4005_(u=4775, v=40, w=8) ➡️  LAS_SEA_4086_4272_(u=4919, v=41, w=8) ➡️  SEA_PHX_4668_4915_(u=5056, v=42, w=9) ➡️  PHX_SEA_4965_5107_(u=5231, v=43, w=9) ➡️  SEA_SAN_5176_5324_(u=5356, v=44, w=9) ➡️  SAN_SEA_5397_5572_(u=5508, v=45, w=9) ➡️  SEA_SLC_6187_6360_(u=5600, v=46, w=10) ➡️  SLC_SEA_6449_6557_(u=5712, v=47, w=10) ➡️  SEA_LAX_6651_6804_(u=5834, v=48, w=10) ➡️  LAX_SEA_6863_7042_(u=5987, v=49, w=10) ➡️  SEA_FLL_7746_8300_(u=320, v=1, w=1) ➡️  FLL_SEA_8359_8570_(u=679, v=2, w=1) ➡️  SEA_SAN_9117_9279_(u=793, v=3, w=2) ➡️  SAN_MCO_9359_9801_(u=1029, v=4, w=2) ➡️  MCO_SEA_9867_10065_(u=1375, v=5, w=2) ➡️  t_(u=0, v=0, w=0)

🛩️ Aircraft N585AS path (27 nodes): s_(u=0, v=0, w=0) ➡️  N585AS_(u=0, v=0, w=1) ➡️  ANC_SEA_137_389_(u=173, v=1, w=1) ➡️  SEA_ANC_479_633_(u=366, v=2, w=1) ➡️  ANC_SEA_715_980_(u=547, v=3, w=1) ➡️  SEA_LAS_1064_1207_(u=657, v=4, w=1) ➡️  LAS_SFO_1317_1401_(u=723, v=5, w=1) ➡️  SFO_ORD_1859_2247_(u=955, v=6, w=2) ➡️  ORD_SFO_2309_2462_(u=1200, v=7, w=2) ➡️  SFO_AUS_2533_2855_(u=1377, v=8, w=2) ➡️  AUS_SFO_3432_3558_(u=1587, v=9, w=3) ➡️  SFO_SEA_3655_3795_(u=1696, v=10, w=3) ➡️  SEA_ATL_3841_4313_(u=1960, v=11, w=3) ➡️  ATL_SEA_4752_4910_(u=2247, v=12, w=4) ➡️  SEA_RDM_4991_5054_(u=2285, v=13, w=4) ➡️  RDM_SEA_5133_5199_(u=2333, v=14, w=4) ➡️  SEA_ANC_5295_5444_(u=2522, v=15, w=4) ➡️  ANC_SEA_5503_5765_(u=2703, v=16, w=4) ➡️  SEA_MSP_6233_6559_(u=2874, v=17, w=5) ➡️  MSP_SEA_6615_6760_(u=3072, v=18, w=5) ➡️  SEA_STL_6837_7194_(u=3271, v=19, w=5) ➡️  STL_SEA_7614_7836_(u=3503, v=20, w=6) ➡️  SEA_MCI_7916_8251_(u=3688, v=21, w=6) ➡️  MCI_SEA_8308_8432_(u=3888, v=22, w=6) ➡️  SEA_JNU_8494_8605_(u=4034, v=23, w=6) ➡️  JNU_SEA_9259_9463_(u=4133, v=24, w=7) ➡️  SEA_BUR_9508_9638_(u=4240, v=25, w=7) ➡️  BUR_SEA_9709_9913_(u=4402, v=26, w=7) ➡️  SEA_FAI_10053_10220_(u=4606, v=27, w=7) ➡️  t_(u=0, v=0, w=0)

🛩️ Aircraft N317AS path (30 nodes): s_(u=0, v=0, w=0) ➡️  N317AS_(u=0, v=0, w=1) ➡️  FAI_SEA_201_455_(u=177, v=1, w=1) ➡️  SEA_LAX_528_675_(u=298, v=2, w=1) ➡️  LAX_SEA_743_917_(u=446, v=3, w=1) ➡️  SEA_SFO_990_1113_(u=549, v=4, w=1) ➡️  SFO_SEA_1177_1307_(u=648, v=5, w=1) ➡️  SEA_ORD_1401_1741_(u=851, v=6, w=1) ➡️  ORD_SEA_1807_1944_(u=1079, v=7, w=2) ➡️  SEA_ANC_2030_2168_(u=1255, v=8, w=2) ➡️  ANC_CDV_2249_2310_(u=1292, v=9, w=2) ➡️  CDV_YAK_2357_2404_(u=1330, v=10, w=2) ➡️  YAK_JNU_2447_2500_(u=1364, v=11, w=2) ➡️  JNU_SEA_2569_2776_(u=1481, v=12, w=2) ➡️  SEA_ANC_3375_3530_(u=1672, v=13, w=3) ➡️  ANC_SEA_3593_3853_(u=1855, v=14, w=3) ➡️  SEA_PHX_4087_4345_(u=1991, v=15, w=3) ➡️  PHX_SEA_4706_4849_(u=2170, v=16, w=4) ➡️  SEA_CLE_4925_5380_(u=2405, v=17, w=4) ➡️  CLE_SEA_5435_5585_(u=2681, v=18, w=4) ➡️  SEA_SMF_5645_5755_(u=2762, v=19, w=4) ➡️  SMF_SEA_6112_6231_(u=2858, v=20, w=5) ➡️  SEA_ATL_6289_6758_(u=3124, v=21, w=5) ➡️  ATL_SEA_6839_6970_(u=3415, v=22, w=5) ➡️  SEA_PHX_7626_7841_(u=3550, v=23, w=6) ➡️  PHX_SEA_7908_8038_(u=3711, v=24, w=6) ➡️  SEA_PHX_8109_8330_(u=3847, v=25, w=6) ➡️  PHX_SEA_8407_8537_(u=4011, v=26, w=6) ➡️  SEA_MSP_9120_9435_(u=4186, v=27, w=7) ➡️  MSP_SEA_9512_9628_(u=4376, v=28, w=7) ➡️  SEA_PHX_9672_9885_(u=4510, v=29, w=7) ➡️  PHX_SEA_9941_10089_(u=4694, v=30, w=7) ➡️  t_(u=0, v=0, w=0)

🛩️ Aircraft N587AS path (32 nodes): s_(u=0, v=0, w=0) ➡️  N587AS_(u=4023, v=34, w=7) ➡️  JNU_SEA_310_514_(u=4139, v=35, w=7) ➡️  SEA_PIT_580_1048_(u=4397, v=36, w=7) ➡️  PIT_SEA_1104_1236_(u=4671, v=37, w=7) ➡️  SEA_SLC_1846_2021_(u=4767, v=38, w=8) ➡️  SLC_SEA_2122_2206_(u=4868, v=39, w=8) ➡️  SEA_SJC_2247_2382_(u=4985, v=40, w=8) ➡️  SJC_SEA_2432_2554_(u=5080, v=41, w=8) ➡️  SEA_ANC_2874_3028_(u=5273, v=42, w=8) ➡️  ANC_SEA_3102_3363_(u=5447, v=43, w=9) ➡️  SEA_ANC_3462_3616_(u=5635, v=44, w=9) ➡️  ANC_JNU_4064_4188_(u=5728, v=45, w=9) ➡️  JNU_SIT_4227_4276_(u=5751, v=46, w=9) ➡️  SIT_JNU_4672_4708_(u=5774, v=47, w=10) ➡️  JNU_ANC_4773_4879_(u=5862, v=48, w=10) ➡️  ANC_BET_4949_5073_(u=5919, v=49, w=10) ➡️  BET_ANC_5111_5186_(u=5980, v=50, w=10) ➡️  ANC_JNU_6410_6511_(u=83, v=1, w=1) ➡️  JNU_PSG_6558_6607_(u=113, v=2, w=1) ➡️  PSG_WRG_6650_6684_(u=129, v=3, w=1) ➡️  WRG_KTN_6726_6760_(u=151, v=4, w=1) ➡️  KTN_SEA_6808_6973_(u=241, v=5, w=1) ➡️  SEA_SMF_7089_7200_(u=327, v=6, w=1) ➡️  SMF_SEA_7553_7682_(u=423, v=7, w=2) ➡️  SEA_DFW_7967_8313_(u=621, v=8, w=2) ➡️  DFW_SEA_8423_8562_(u=853, v=9, w=2) ➡️  SEA_ORD_8600_8957_(u=1061, v=10, w=2) ➡️  ORD_PDX_9026_9156_(u=1293, v=11, w=3) ➡️  PDX_SEA_9262_9310_(u=1325, v=12, w=3) ➡️  SEA_BOI_9372_9523_(u=1387, v=13, w=3) ➡️  BOI_SEA_9582_9616_(u=1461, v=14, w=3) ➡️  SEA_LIH_9718_9994_(u=1806, v=15, w=3) ➡️  LIH_SAN_10060_10521_(u=2125, v=16, w=3) ➡️  t_(u=0, v=0, w=0)

🛩️ Aircraft N284AK path (23 nodes): s_(u=0, v=0, w=0) ➡️  N284AK_(u=0, v=0, w=1) ➡️  PHX_PDX_356_453_(u=138, v=1, w=1) ➡️  PDX_FLL_541_1050_(u=449, v=2, w=1) ➡️  FLL_SFO_1118_1320_(u=802, v=3, w=1) ➡️  SFO_FLL_1383_1870_(u=1079, v=4, w=1) ➡️  FLL_PDX_2018_2231_(u=1440, v=5, w=2) ➡️  PDX_JFK_2322_2828_(u=1728, v=6, w=2) ➡️  JFK_PSP_3414_3583_(u=2053, v=7, w=3) ➡️  PSP_SEA_3697_3873_(u=2207, v=8, w=3) ➡️  SEA_ONT_3941_4070_(u=2317, v=9, w=3) ➡️  ONT_SEA_4675_4856_(u=2473, v=10, w=4) ➡️  SEA_PIT_4922_5383_(u=2717, v=11, w=4) ➡️  PIT_SEA_5447_5576_(u=3005, v=12, w=4) ➡️  SEA_LIH_6321_6593_(u=3366, v=13, w=5) ➡️  LIH_SEA_6647_7117_(u=3682, v=14, w=5) ➡️  SEA_PDX_7152_7210_(u=3711, v=15, w=5) ➡️  PDX_SEA_7495_7564_(u=3743, v=16, w=6) ➡️  SEA_LIH_7702_8038_(u=4075, v=17, w=6) ➡️  LIH_SEA_8108_8604_(u=4415, v=18, w=6) ➡️  SEA_SFO_8995_9134_(u=4503, v=19, w=7) ➡️  SFO_JAC_9215_9444_(u=4652, v=20, w=7) ➡️  JAC_SFO_9493_9582_(u=4764, v=21, w=7) ➡️  SFO_PDX_9628_9744_(u=4860, v=22, w=7) ➡️  PDX_SFO_9826_9943_(u=4935, v=23, w=7) ➡️  t_(u=0, v=0, w=0)

🛩️ Aircraft N320AS path (31 nodes): s_(u=0, v=0, w=0) ➡️  N320AS_(u=0, v=0, w=1) ➡️  SJC_SEA_364_507_(u=106, v=1, w=1) ➡️  SEA_PHX_570_794_(u=247, v=2, w=1) ➡️  PHX_SEA_857_991_(u=412, v=3, w=1) ➡️  SEA_BUR_1045_1181_(u=530, v=4, w=1) ➡️  BUR_SEA_1268_1435_(u=668, v=5, w=1) ➡️  SEA_ORD_1795_2159_(u=878, v=6, w=2) ➡️  ORD_PDX_2215_2349_(u=1113, v=7, w=2) ➡️  PDX_ONT_2434_2569_(u=1235, v=8, w=2) ➡️  ONT_PDX_2628_2754_(u=1346, v=9, w=2) ➡️  PDX_ANC_2866_3034_(u=1549, v=10, w=2) ➡️  ANC_SEA_3168_3438_(u=1731, v=11, w=3) ➡️  SEA_DEN_3550_3770_(u=1867, v=12, w=3) ➡️  DEN_SEA_3827_3928_(u=2006, v=13, w=3) ➡️  SEA_SAN_4005_4151_(u=2127, v=14, w=3) ➡️  SAN_TPA_4795_5235_(u=2360, v=15, w=4) ➡️  TPA_SAN_5307_5449_(u=2648, v=16, w=4) ➡️  SAN_SEA_5512_5695_(u=2802, v=17, w=4) ➡️  SEA_DAL_6207_6549_(u=3001, v=18, w=5) ➡️  DAL_SEA_6619_6766_(u=3251, v=19, w=5) ➡️  SEA_SNA_6813_6972_(u=3378, v=20, w=5) ➡️  SNA_SEA_7009_7192_(u=3532, v=21, w=5) ➡️  SEA_SNA_7578_7729_(u=3657, v=22, w=6) ➡️  SNA_SEA_7783_7960_(u=3817, v=23, w=6) ➡️  SEA_OAK_8006_8114_(u=3909, v=24, w=6) ➡️  OAK_SEA_8157_8285_(u=4008, v=25, w=6) ➡️  SEA_SMF_8335_8455_(u=4083, v=26, w=6) ➡️  SMF_SEA_8490_8613_(u=4186, v=27, w=6) ➡️  SEA_PHX_9068_9279_(u=4319, v=28, w=7) ➡️  PHX_SEA_9344_9480_(u=4488, v=29, w=7) ➡️  SEA_PHX_9550_9765_(u=4624, v=30, w=7) ➡️  PHX_SEA_9831_9982_(u=4807, v=31, w=7) ➡️  t_(u=0, v=0, w=0)

🛩️ Aircraft N277AK path (27 nodes): s_(u=0, v=0, w=0) ➡️  N277AK_(u=0, v=0, w=1) ➡️  SEA_FAT_375_503_(u=113, v=1, w=1) ➡️  FAT_SEA_559_687_(u=221, v=2, w=1) ➡️  SEA_ANC_799_933_(u=399, v=3, w=1) ➡️  ANC_SEA_1660_1931_(u=590, v=4, w=2) ➡️  SEA_IAD_2038_2527_(u=862, v=5, w=2) ➡️  IAD_SEA_2584_2741_(u=1171, v=6, w=2) ➡️  SEA_IAH_2838_3229_(u=1403, v=7, w=2) ➡️  IAH_SEA_3299_3463_(u=1647, v=8, w=3) ➡️  SEA_IAD_3504_3971_(u=1912, v=9, w=3) ➡️  IAD_SEA_4030_4189_(u=2221, v=10, w=3) ➡️  SEA_SMF_4248_4369_(u=2302, v=11, w=3) ➡️  SMF_SEA_4703_4832_(u=2401, v=12, w=4) ➡️  SEA_DCA_4891_5368_(u=2672, v=13, w=4) ➡️  DCA_SEA_5437_5593_(u=2987, v=14, w=4) ➡️  SEA_LAS_6225_6362_(u=3098, v=15, w=5) ➡️  LAS_SEA_6427_6598_(u=3244, v=16, w=5) ➡️  SEA_PHX_6669_6910_(u=3377, v=17, w=5) ➡️  PHX_SEA_6965_7117_(u=3556, v=18, w=5) ➡️  SEA_DFW_7182_7527_(u=3753, v=19, w=5) ➡️  DFW_SEA_7641_7776_(u=3979, v=20, w=6) ➡️  SEA_PHX_8018_8241_(u=4117, v=21, w=6) ➡️  PHX_ANC_8336_8626_(u=4494, v=22, w=6) ➡️  ANC_SEA_8684_8926_(u=4652, v=23, w=7) ➡️  SEA_SNA_9008_9175_(u=4763, v=24, w=7) ➡️  SNA_SEA_9239_9448_(u=4948, v=25, w=7) ➡️  SEA_DEN_9579_9790_(u=5078, v=26, w=7) ➡️  DEN_SEA_9846_9966_(u=5233, v=27, w=7) ➡️  t_(u=0, v=0, w=0)

🛠️ Maintenance at node SEA_FLL_7746_8300 by aircraft N607AS | ρ=13; λ=1; φ=0
🛠️ Maintenance at node ANC_JNU_6410_6511 by aircraft N587AS | ρ=20; λ=0; φ=0

Nombre de maintenances au total: 2.0
Stations de maintenance utilisées: Any["SEA", "ANC"]
Nombre de stations de maintenance utilisées: 2
