INSTANCE 196FL_7A_4
PREPROCESSING : false
-----------------------INSTANCE 196FL_7A_4--------------------------
Gurobi 12.0.2 (linux64) logging started Mon Nov 24 10:29:16 2025

Set parameter LogFile to value "RESULTS/A_MTN_2/FH_FC_MIN/result_196FL_7A_4_without_prep.txt"
Set parameter LogToConsole to value 0

Gurobi 12.0.2 (linux64) logging started Mon Nov 24 10:29:18 2025

Set parameter LogFile to value "RESULTS/A_MTN_2/FH_FC_MIN/result_196FL_7A_4_without_prep.txt"
Gurobi Optimizer version 12.0.2 build v12.0.2rc0 (linux64 - "AlmaLinux 9.6 (Sage Margay)")

CPU model: Intel(R) Xeon(R) 6972P, instruction set [SSE2|AVX|AVX2|AVX512]
Thread count: 192 physical cores, 192 logical processors, using up to 8 threads

Non-default parameters:
TimeLimit  7200
LogToConsole  0
Threads  8

Optimize a model with 5950 rows, 1752 columns and 80975 nonzeros
Model fingerprint: 0x86577f0a
Variable types: 510 continuous, 1242 integer (1142 binary)
Coefficient statistics:
  Matrix range     [1e+00, 6e+03]
  Objective range  [1e+00, 2e+01]
  Bounds range     [1e+00, 6e+03]
  RHS range        [1e+00, 6e+03]
Presolve removed 1770 rows and 651 columns
Presolve time: 0.10s
Presolved: 4180 rows, 1101 columns, 25580 nonzeros
Variable types: 229 continuous, 872 integer (803 binary)

Root relaxation: objective 0.000000e+00, 594 iterations, 0.02 seconds (0.02 work units)

    Nodes    |    Current Node    |     Objective Bounds      |     Work
 Expl Unexpl |  Obj  Depth IntInf | Incumbent    BestBd   Gap | It/Node Time

     0     0    0.00000    0    2          -    0.00000      -     -    0s
H    0     0                    2624.0000000    0.00000   100%     -    0s
H    0     0                    2236.0000000    0.00000   100%     -    0s
     0     0    0.00000    0   15 2236.00000    0.00000   100%     -    0s
     0     0    0.00000    0   15 2236.00000    0.00000   100%     -    0s
H    0     0                    1486.0000000    0.00000   100%     -    0s
     0     0    0.00000    0    5 1486.00000    0.00000   100%     -    0s
     0     0    0.00000    0    5 1486.00000    0.00000   100%     -    0s
     0     0    0.00000    0    5 1486.00000    0.00000   100%     -    0s
     0     0    0.00000    0    5 1486.00000    0.00000   100%     -    0s
     0     0    0.00000    0    5 1486.00000    0.00000   100%     -    0s
H    0     0                    1431.0000000    0.00000   100%     -    0s
     0     0    0.00000    0    5 1431.00000    0.00000   100%     -    0s
     0     2    0.00000    0    5 1431.00000    0.00000   100%     -    0s
H   53    55                    1408.0000000    0.00000   100%  32.0    0s
H  124   215                    1196.0000000    0.00000   100%  39.0    0s
H  144   215                     691.0000000    0.00000   100%  37.0    0s
H  160   215                     364.0000000    0.00000   100%  37.5    0s
H  397   312                     228.0000000    0.00000   100%  35.5    0s
H  738   482                     132.0000000    0.00000   100%  37.0    1s
H 1168   567                     131.0000000    0.00000   100%  33.1    1s
H 1394   567                     112.0000000    0.00000   100%  35.7    1s
H 1721   627                      83.0000000    0.00000   100%  32.7    1s
H 2716   726                      82.0000000    0.00000   100%  31.0    1s
  7109  1118 infeasible   33        82.00000    0.00000   100%  36.2    5s
* 9420   871              49      50.0000000    0.00000   100%  46.0    6s
H10223   900                      49.0000000    0.00000   100%  49.6    7s
 14628  1715   10.00000   39    2   49.00000    0.00000   100%  57.3   10s
H15237  1559                      49.0000000    0.00000   100%  58.0   10s
H15351  1454                      49.0000000    0.00000   100%  58.2   11s
 36086  2130   10.00000   63   17   49.00000   10.00000  79.6%  42.4   15s
 49437  2407   10.00000   44   35   49.00000   10.00000  79.6%  37.7   20s
 89938  2843     cutoff   61        49.00000   10.00000  79.6%  31.8   25s
 125989  3163 infeasible   50        49.00000   10.00000  79.6%  30.9   30s
 162649  3660   10.00000   46   40   49.00000   10.00000  79.6%  30.5   35s
 196710  4329 infeasible   46        49.00000   10.00000  79.6%  30.0   40s
 233496  4536   10.00000   58   26   49.00000   10.00000  79.6%  29.7   45s
 268549  4970   10.00000   45   34   49.00000   10.00000  79.6%  29.7   50s
 308352  5652   10.00000   57   31   49.00000   10.00000  79.6%  29.1   55s
 352075  5226   20.00000   35   38   49.00000   10.00000  79.6%  28.0   60s
 390219  5588     cutoff   59        49.00000   10.00000  79.6%  27.6   65s
 442133  6411   10.00000   42   31   49.00000   10.00000  79.6%  26.2   70s
 483739  6950   10.00000   57   31   49.00000   10.00000  79.6%  25.9   75s
 521813  7818   10.00000   61   24   49.00000   10.00000  79.6%  25.7   80s
 564782  7817 infeasible   46        49.00000   10.00000  79.6%  25.3   85s
 593459  8208 infeasible   45        49.00000   10.00000  79.6%  26.0   90s
 619236  8468   10.00000   50   31   49.00000   10.00000  79.6%  26.6   95s
 649322  8604   10.00000   44   43   49.00000   10.00000  79.6%  27.1  100s
 682765  9292 infeasible   50        49.00000   10.00000  79.6%  27.5  105s
 714159  9682 infeasible   51        49.00000   10.00000  79.6%  27.9  110s
 755520 10617 infeasible   51        49.00000   10.00000  79.6%  27.6  115s
 796870 11552     cutoff   50        49.00000   10.00000  79.6%  27.5  120s
 839295 11538   10.00000   51   20   49.00000   10.00000  79.6%  27.1  125s
 878162 11605     cutoff   57        49.00000   10.00000  79.6%  26.9  130s
 918525 12709   10.00000   62   26   49.00000   10.00000  79.6%  26.8  135s
 955322 13733 infeasible   48        49.00000   10.00000  79.6%  26.8  140s
 990270 13966     cutoff   62        49.00000   10.00000  79.6%  27.0  145s
 1028977 14243   10.00000   48   30   49.00000   10.00000  79.6%  27.0  150s
 1072060 15626   10.00000   55   29   49.00000   10.00000  79.6%  26.7  155s
 1123236 16107   10.00000   57   26   49.00000   10.00000  79.6%  26.2  160s
 1172183 16148   10.00000   52   29   49.00000   10.00000  79.6%  25.9  165s
 1215634 16492 infeasible   53        49.00000   10.00000  79.6%  25.8  170s
 1268305 16576   20.00000   53   23   49.00000   10.00000  79.6%  25.4  175s
 1316007 16811   10.00000   51   19   49.00000   10.00000  79.6%  25.1  180s
 1357833 16985 infeasible   70        49.00000   10.00000  79.6%  25.1  185s
 1393252 17124   10.00000   46   38   49.00000   10.00000  79.6%  25.1  190s
 1431339 17510   10.00000   54   20   49.00000   10.00000  79.6%  25.2  195s
 1474267 18111     cutoff   64        49.00000   10.00000  79.6%  25.1  200s
 1512623 18489 infeasible   49        49.00000   10.00000  79.6%  25.1  205s
 1547093 18293 infeasible   52        49.00000   10.00000  79.6%  25.2  210s
 1586746 18879     cutoff   59        49.00000   10.00000  79.6%  25.2  215s
 1637204 19650     cutoff   62        49.00000   10.00000  79.6%  24.9  220s
 1685443 19739 infeasible   62        49.00000   10.00000  79.6%  24.7  225s
 1728987 19738   10.00000   55   33   49.00000   10.00000  79.6%  24.5  230s
 1777128 19590   10.00000   53   33   49.00000   10.00000  79.6%  24.3  235s
 1818099 19574 infeasible   53        49.00000   10.00000  79.6%  24.3  240s
 1855770 19904 infeasible   53        49.00000   10.00000  79.6%  24.3  245s
 1887840 20735 infeasible   48        49.00000   10.00000  79.6%  24.5  250s
 1923894 21059 infeasible   51        49.00000   10.00000  79.6%  24.5  255s
 1957297 21193   10.00000   49   21   49.00000   10.00000  79.6%  24.6  260s
 1992859 21385 infeasible   50        49.00000   10.00000  79.6%  24.7  265s
 2025940 21698   10.00000   47   32   49.00000   10.00000  79.6%  24.8  270s
 2074388 21523   10.00000   57   20   49.00000   10.00000  79.6%  24.6  275s
 2112052 21498   10.00000   48   28   49.00000   10.00000  79.6%  24.5  280s
 2150816 21941 infeasible   45        49.00000   10.00000  79.6%  24.5  285s
 2191090 21851     cutoff   60        49.00000   10.00000  79.6%  24.5  290s
 2235127 21743   10.00000   56   19   49.00000   10.00000  79.6%  24.4  295s
 2278439 21858     cutoff   61        49.00000   10.00000  79.6%  24.4  300s
 2320997 21828   10.00000   45   20   49.00000   10.00000  79.6%  24.3  305s
 2355398 21657   10.00000   58   30   49.00000   10.00000  79.6%  24.3  310s
 2392634 21761 infeasible   52        49.00000   10.00000  79.6%  24.4  315s
 2436259 21522     cutoff   57        49.00000   10.00000  79.6%  24.3  320s
 2483751 21869   10.00000   62   32   49.00000   10.00000  79.6%  24.2  325s
 2527875 21426   10.00000   54   25   49.00000   10.00000  79.6%  24.1  330s
 2566292 22476   10.00000   55   33   49.00000   10.00000  79.6%  24.1  335s
 2608559 23573   10.00000   58   24   49.00000   10.00000  79.6%  24.0  340s
 2651595 23713 infeasible   52        49.00000   10.00000  79.6%  24.0  345s
 2686251 25118 infeasible   48        49.00000   10.00000  79.6%  24.0  350s
 2721819 25156   10.00000   45   36   49.00000   10.00000  79.6%  24.1  355s
 2750989 25635   10.00000   48   37   49.00000   10.00000  79.6%  24.2  360s
 2782609 25919 infeasible   51        49.00000   10.00000  79.6%  24.3  365s
 2818278 26138     cutoff   66        49.00000   10.00000  79.6%  24.3  370s
 2862327 26248 infeasible   57        49.00000   10.00000  79.6%  24.3  375s
 2895500 27095   10.00000   64   19   49.00000   10.00000  79.6%  24.3  380s
 2931419 27254   10.00000   49   16   49.00000   10.00000  79.6%  24.4  385s
 2963484 27224 infeasible   46        49.00000   10.00000  79.6%  24.5  390s
 2997133 27034 infeasible   45        49.00000   10.00000  79.6%  24.6  395s
 3036415 26995 infeasible   50        49.00000   10.00000  79.6%  24.6  400s
 3071597 27608   10.00000   51   26   49.00000   10.00000  79.6%  24.6  405s
 3105214 27694   10.00000   55   24   49.00000   10.00000  79.6%  24.7  410s
 3144185 27701   10.00000   57   19   49.00000   10.00000  79.6%  24.7  415s
 3178966 27536   10.00000   57   16   49.00000   10.00000  79.6%  24.7  420s
 3217252 28108     cutoff   58        49.00000   10.00000  79.6%  24.7  425s
 3261582 27935 infeasible   53        49.00000   10.00000  79.6%  24.6  430s
 3304342 28003 infeasible   47        49.00000   10.00000  79.6%  24.6  435s
 3347745 28142 infeasible   50        49.00000   10.00000  79.6%  24.6  440s
 3382216 28412   10.00000   46   20   49.00000   10.00000  79.6%  24.6  445s
 3415435 28133   10.00000   58   15   49.00000   10.00000  79.6%  24.7  450s
 3450169 28237   10.00000   43   22   49.00000   10.00000  79.6%  24.7  455s
 3487839 28522   10.00000   54   19   49.00000   10.00000  79.6%  24.7  460s
 3520270 28863 infeasible   62        49.00000   10.00000  79.6%  24.8  465s
 3555946 28666 infeasible   54        49.00000   10.00000  79.6%  24.8  470s
 3591658 28646 infeasible   53        49.00000   10.00000  79.6%  24.9  475s
 3626671 28853   10.00000   51   18   49.00000   10.00000  79.6%  24.9  480s
 3656462 29246   10.00000   55   17   49.00000   10.00000  79.6%  25.0  485s
 3690553 29604 infeasible   67        49.00000   10.00000  79.6%  25.0  490s
 3720782 29693   10.00000   46   35   49.00000   10.00000  79.6%  25.1  495s
 3749897 29551 infeasible   56        49.00000   10.00000  79.6%  25.1  500s
 3780940 29535   10.00000   50   34   49.00000   10.00000  79.6%  25.2  505s
 3816051 29684   10.00000   54   34   49.00000   10.00000  79.6%  25.2  510s
 3848721 30815 infeasible   46        49.00000   10.00000  79.6%  25.3  515s
 3879952 31286 infeasible   55        49.00000   10.00000  79.6%  25.4  520s
 3912649 31643   10.00000   45   27   49.00000   10.00000  79.6%  25.4  525s
 3943750 31883 infeasible   52        49.00000   10.00000  79.6%  25.5  530s
 3975984 32235   10.00000   41   41   49.00000   10.00000  79.6%  25.6  535s
 4011355 33006   10.00000   46   32   49.00000   10.00000  79.6%  25.7  540s
 4043253 33247 infeasible   47        49.00000   10.00000  79.6%  25.7  545s
 4077949 33865   10.00000   48   20   49.00000   10.00000  79.6%  25.8  550s
 4116577 34251   10.00000   57   22   49.00000   10.00000  79.6%  25.8  555s
 4151585 34556     cutoff   62        49.00000   10.00000  79.6%  25.8  560s
 4189944 35538   10.00000   47   39   49.00000   10.00000  79.6%  25.8  565s
 4226765 36120   10.00000   39   31   49.00000   10.00000  79.6%  25.8  570s
 4264011 37170 infeasible   51        49.00000   10.00000  79.6%  25.8  575s
 4301589 37600 infeasible   50        49.00000   10.00000  79.6%  25.8  580s
 4355407 37912   10.00000   59   27   49.00000   10.00000  79.6%  25.7  585s
 4411044 37939   10.00000   46   34   49.00000   10.00000  79.6%  25.5  590s
 4447516 38675 infeasible   51        49.00000   10.00000  79.6%  25.5  595s
 4477071 39278   10.00000   53   35   49.00000   10.00000  79.6%  25.6  600s
 4510127 40151   10.00000   51   27   49.00000   10.00000  79.6%  25.6  605s
 4557910 40415   10.00000   54   26   49.00000   10.00000  79.6%  25.5  610s
 4593742 40653 infeasible   51        49.00000   10.00000  79.6%  25.6  615s
 4629661 41347 infeasible   51        49.00000   10.00000  79.6%  25.6  620s
 4660548 42114 infeasible   50        49.00000   10.00000  79.6%  25.7  625s
 4692971 42198 infeasible   59        49.00000   10.00000  79.6%  25.7  630s
 4733607 42131   10.00000   59   25   49.00000   10.00000  79.6%  25.7  635s
 4779544 42042   10.00000   64   26   49.00000   10.00000  79.6%  25.6  640s
 4819332 41995   10.00000   45   26   49.00000   10.00000  79.6%  25.6  645s
 4868761 41971   10.00000   55   29   49.00000   10.00000  79.6%  25.5  650s
 4930717 42467   10.00000   57   20   49.00000   10.00000  79.6%  25.3  655s
 4988731 42214     cutoff   57        49.00000   10.00000  79.6%  25.2  660s
 5047084 41835   10.00000   64   28   49.00000   10.00000  79.6%  25.0  665s
 5099883 42148   10.00000   57   22   49.00000   10.00000  79.6%  24.9  670s
 5135063 42440 infeasible   50        49.00000   10.00000  79.6%  24.9  675s
 5167070 42220   10.00000   60   28   49.00000   10.00000  79.6%  25.0  680s
 5202673 41962 infeasible   45        49.00000   10.00000  79.6%  25.0  685s
 5247077 42056   10.00000   37   41   49.00000   10.00000  79.6%  24.9  690s
 5291139 41923     cutoff   60        49.00000   10.00000  79.6%  24.9  695s
 5340625 42257     cutoff   60        49.00000   10.00000  79.6%  24.8  700s
 5396530 41783     cutoff   53        49.00000   10.00000  79.6%  24.7  705s
 5434667 42752   10.00000   48   43   49.00000   10.00000  79.6%  24.7  710s
 5479008 43678     cutoff   60        49.00000   10.00000  79.6%  24.7  715s
 5544282 44007   10.00000   54   19   49.00000   10.00000  79.6%  24.5  720s
 5610211 43470   10.00000   63   19   49.00000   10.00000  79.6%  24.4  725s
 5671809 43289   10.00000   62   25   49.00000   10.00000  79.6%  24.2  730s
 5733343 43090   10.00000   62   38   49.00000   10.00000  79.6%  24.1  735s
 5777636 43114     cutoff   66        49.00000   10.00000  79.6%  24.1  740s
 5816683 43219   10.00000   57   30   49.00000   10.00000  79.6%  24.1  745s
 5861403 43309   10.00000   59   15   49.00000   10.00000  79.6%  24.1  750s
 5908605 43039 infeasible   67        49.00000   10.00000  79.6%  24.0  755s
 5956875 42914 infeasible   49        49.00000   10.00000  79.6%  24.0  760s
 5995238 43625 infeasible   51        49.00000   10.00000  79.6%  24.0  765s
 6034519 43650   10.00000   47   37   49.00000   10.00000  79.6%  24.0  770s
 6077588 43679     cutoff   61        49.00000   10.00000  79.6%  23.9  775s
 6124056 43541   10.00000   52   38   49.00000   10.00000  79.6%  23.9  780s
 6170088 43297 infeasible   55        49.00000   10.00000  79.6%  23.9  785s
 6220946 43286   10.00000   54   20   49.00000   10.00000  79.6%  23.8  790s
 6261397 43697     cutoff   58        49.00000   10.00000  79.6%  23.8  795s
 6299161 43844   10.00000   46   27   49.00000   10.00000  79.6%  23.8  800s
 6349531 43687 infeasible   58        49.00000   10.00000  79.6%  23.7  805s
 6387431 43432   10.00000   58   18   49.00000   10.00000  79.6%  23.7  810s
 6429686 43537   10.00000   60   23   49.00000   10.00000  79.6%  23.7  815s
 6478765 43417   10.00000   49   33   49.00000   10.00000  79.6%  23.7  820s
 6523204 43625 infeasible   60        49.00000   10.00000  79.6%  23.7  825s
 6572893 43708   10.00000   62   23   49.00000   10.00000  79.6%  23.6  830s
 6631267 43300     cutoff   70        49.00000   10.00000  79.6%  23.5  835s
 6671395 43206     cutoff   59        49.00000   10.00000  79.6%  23.5  840s
 6714965 43250   10.00000   54   19   49.00000   10.00000  79.6%  23.5  845s
 6761353 43132   10.00000   48   35   49.00000   10.00000  79.6%  23.5  850s
 6802143 43004     cutoff   58        49.00000   10.00000  79.6%  23.4  855s
 6848046 43706   10.00000   52   29   49.00000   10.00000  79.6%  23.4  860s
 6896041 43442     cutoff   60        49.00000   10.00000  79.6%  23.4  865s
 6950942 43609   10.00000   59   24   49.00000   10.00000  79.6%  23.3  870s
 7004758 43219   10.00000   62   28   49.00000   10.00000  79.6%  23.2  875s
 7056043 43119   10.00000   55   21   49.00000   10.00000  79.6%  23.2  880s
 7101881 43172 infeasible   54        49.00000   10.00000  79.6%  23.1  885s
 7145568 43158   10.00000   51   30   49.00000   10.00000  79.6%  23.1  890s
 7197952 43201   10.00000   55   20   49.00000   10.00000  79.6%  23.1  895s
 7253689 42875   10.00000   59   18   49.00000   10.00000  79.6%  23.0  900s
 7303828 42812   10.00000   47   39   49.00000   10.00000  79.6%  22.9  905s
 7351865 42670   10.00000   52   41   49.00000   10.00000  79.6%  22.9  910s
 7398886 42686 infeasible   56        49.00000   10.00000  79.6%  22.9  915s
 7438280 43035   10.00000   52   36   49.00000   10.00000  79.6%  22.9  920s
 7477085 43124   10.00000   47   30   49.00000   10.00000  79.6%  22.9  925s
 7517338 42847   10.00000   63   36   49.00000   10.00000  79.6%  22.9  930s
 7566104 42759   10.00000   65   21   49.00000   10.00000  79.6%  22.8  935s
 7603234 43617 infeasible   44        49.00000   10.00000  79.6%  22.9  940s
 7639365 43762 infeasible   50        49.00000   10.00000  79.6%  22.9  945s
 7677722 43571   10.00000   47   32   49.00000   10.00000  79.6%  22.9  950s
 7713897 43971   10.00000   50   18   49.00000   10.00000  79.6%  22.9  955s
 7754250 44390   10.00000   58   25   49.00000   10.00000  79.6%  22.9  960s
 7810938 44466   10.00000   44   21   49.00000   10.00000  79.6%  22.9  965s
 7860282 44312     cutoff   62        49.00000   10.00000  79.6%  22.8  970s
 7907653 44137   10.00000   58   21   49.00000   10.00000  79.6%  22.8  975s
 7955274 44207 infeasible   45        49.00000   10.00000  79.6%  22.8  980s
 8000174 44378   10.00000   59   34   49.00000   10.00000  79.6%  22.8  985s
 8036194 44285   10.00000   54   24   49.00000   10.00000  79.6%  22.8  990s
 8068878 44560   10.00000   43   28   49.00000   10.00000  79.6%  22.8  995s
 8109530 44177   10.00000   54   23   49.00000   10.00000  79.6%  22.8 1000s
 8141242 45637   10.00000   42   40   49.00000   10.00000  79.6%  22.8 1005s
 8170575 46596 infeasible   55        49.00000   10.00000  79.6%  22.9 1010s
 8198454 46757   10.00000   49   39   49.00000   10.00000  79.6%  23.0 1015s
 8227746 47044   10.00000   46   38   49.00000   10.00000  79.6%  23.0 1020s
 8258139 47644   10.00000   50   34   49.00000   10.00000  79.6%  23.0 1025s
 8285832 47651 infeasible   79        49.00000   10.00000  79.6%  23.1 1030s
 8314558 48151   10.00000   49   27   49.00000   10.00000  79.6%  23.1 1035s
 8343237 48371   10.00000   53   44   49.00000   10.00000  79.6%  23.2 1040s
 8374424 48528 infeasible   46        49.00000   10.00000  79.6%  23.2 1045s
 8407063 48731   10.00000   46   40   49.00000   10.00000  79.6%  23.3 1050s
 8442144 48883   10.00000   35   30   49.00000   10.00000  79.6%  23.3 1055s
 8471416 49702   10.00000   46   34   49.00000   10.00000  79.6%  23.3 1060s
 8500438 49973 infeasible   49        49.00000   10.00000  79.6%  23.4 1065s
 8530446 50286   10.00000   44   24   49.00000   10.00000  79.6%  23.5 1070s
 8559690 50960   10.00000   50   37   49.00000   10.00000  79.6%  23.5 1075s
 8590115 51198 infeasible   48        49.00000   10.00000  79.6%  23.6 1080s
 8621054 51244   10.00000   46   29   49.00000   10.00000  79.6%  23.6 1085s
 8649917 51986 infeasible   57        49.00000   10.00000  79.6%  23.7 1090s
 8680376 52233   10.00000   45   38   49.00000   10.00000  79.6%  23.7 1095s
 8715563 52493   10.00000   60   19   49.00000   10.00000  79.6%  23.7 1100s
 8758265 52526   10.00000   54   29   49.00000   10.00000  79.6%  23.7 1105s
 8788449 52593 infeasible   51        49.00000   10.00000  79.6%  23.7 1110s
 8822656 52947 infeasible   53        49.00000   10.00000  79.6%  23.8 1115s
 8862867 53009 infeasible   62        49.00000   10.00000  79.6%  23.8 1120s
 8898864 53464   10.00000   53   33   49.00000   10.00000  79.6%  23.8 1125s
 8945939 53598 infeasible   64        49.00000   10.00000  79.6%  23.8 1130s
 8994070 53238   10.00000   58   28   49.00000   10.00000  79.6%  23.7 1135s
 9038177 53261   10.00000   56   25   49.00000   10.00000  79.6%  23.7 1140s
 9082219 53669     cutoff   59        49.00000   10.00000  79.6%  23.7 1145s
 9129207 53371   10.00000   50   26   49.00000   10.00000  79.6%  23.6 1150s
 9182651 53171 infeasible   48        49.00000   10.00000  79.6%  23.6 1155s
 9224367 53235 infeasible   44        49.00000   10.00000  79.6%  23.6 1160s
 9256043 53860 infeasible   46        49.00000   10.00000  79.6%  23.6 1165s
 9287762 53817 infeasible   51        49.00000   10.00000  79.6%  23.7 1170s
 9317361 53699   10.00000   48   28   49.00000   10.00000  79.6%  23.7 1175s
 9345928 53569   10.00000   41   41   49.00000   10.00000  79.6%  23.7 1180s
 9376430 53416 infeasible   51        49.00000   10.00000  79.6%  23.7 1185s
 9407412 53429   10.00000   48   21   49.00000   10.00000  79.6%  23.8 1190s
 9437779 53478 infeasible   49        49.00000   10.00000  79.6%  23.8 1195s
 9469490 53861 infeasible   47        49.00000   10.00000  79.6%  23.8 1200s
 9499352 54019   10.00000   41   35   49.00000   10.00000  79.6%  23.9 1205s
 9530797 54443   10.00000   40   34   49.00000   10.00000  79.6%  23.9 1210s
 9566291 54502   10.00000   54   20   49.00000   10.00000  79.6%  23.9 1215s
 9604273 54630   10.00000   48   32   49.00000   10.00000  79.6%  23.9 1220s
 9645840 54365     cutoff   51        49.00000   10.00000  79.6%  23.9 1225s
 9690135 54247   10.00000   65   23   49.00000   10.00000  79.6%  23.9 1230s
 9728740 54997     cutoff   59        49.00000   10.00000  79.6%  23.9 1235s
 9771764 54718   10.00000   57   25   49.00000   10.00000  79.6%  23.9 1240s
 9812845 54546   10.00000   70   22   49.00000   10.00000  79.6%  23.9 1245s
 9847533 55982 infeasible   51        49.00000   10.00000  79.6%  23.9 1250s
 9895958 56161     cutoff   62        49.00000   10.00000  79.6%  23.9 1255s
 9944620 56140   10.00000   58   26   49.00000   10.00000  79.6%  23.8 1260s
 9998409 56292     cutoff   70        49.00000   10.00000  79.6%  23.8 1265s
 10041410 56667     cutoff   56        49.00000   10.00000  79.6%  23.8 1270s
 10083101 56703 infeasible   48        49.00000   10.00000  79.6%  23.8 1275s
 10126621 57489   10.00000   63   20   49.00000   10.00000  79.6%  23.8 1280s
 10166280 57307 infeasible   51        49.00000   10.00000  79.6%  23.7 1285s
 10210462 58052 infeasible   59        49.00000   10.00000  79.6%  23.7 1290s
 10260666 57916   10.00000   60   38   49.00000   10.00000  79.6%  23.7 1295s
 10312918 57842     cutoff   61        49.00000   10.00000  79.6%  23.6 1300s
 10353102 58049   10.00000   52   23   49.00000   10.00000  79.6%  23.6 1305s
 10398107 58429 infeasible   51        49.00000   10.00000  79.6%  23.6 1310s
 10442596 58451   10.00000   58   24   49.00000   10.00000  79.6%  23.6 1315s
 10487388 58849 infeasible   61        49.00000   10.00000  79.6%  23.6 1320s
 10525361 60103     cutoff   68        49.00000   10.00000  79.6%  23.6 1325s
 10564655 60254     cutoff   62        49.00000   10.00000  79.6%  23.6 1330s
 10603530 60410     cutoff   58        49.00000   10.00000  79.6%  23.6 1335s
 10642636 60647   10.00000   59   26   49.00000   10.00000  79.6%  23.6 1340s
 10678654 60803   10.00000   52   16   49.00000   10.00000  79.6%  23.6 1345s
 10714139 61150 infeasible   53        49.00000   10.00000  79.6%  23.6 1350s
 10754272 61353   10.00000   45   34   49.00000   10.00000  79.6%  23.6 1355s
 10793726 61675   10.00000   64   23   49.00000   10.00000  79.6%  23.6 1360s
 10823898 62347   10.00000   43   29   49.00000   10.00000  79.6%  23.7 1365s
 10867417 62472   10.00000   59   26   49.00000   10.00000  79.6%  23.7 1370s
 10909060 62322     cutoff   58        49.00000   10.00000  79.6%  23.7 1375s
 10946413 62222 infeasible   49        49.00000   10.00000  79.6%  23.7 1380s
 10982671 62364     cutoff   51        49.00000   10.00000  79.6%  23.7 1385s
 11014156 62779 infeasible   51        49.00000   10.00000  79.6%  23.7 1390s
 11045816 62730   20.00000   51   33   49.00000   10.00000  79.6%  23.7 1395s
 11089214 62873 infeasible   47        49.00000   10.00000  79.6%  23.7 1400s
 11122625 63187   10.00000   52   36   49.00000   10.00000  79.6%  23.7 1405s
 11154688 63256     cutoff   59        49.00000   10.00000  79.6%  23.8 1410s
 11184582 63707   20.00000   47   29   49.00000   10.00000  79.6%  23.8 1415s
 11213786 63611 infeasible   62        49.00000   10.00000  79.6%  23.8 1420s
 11246963 63792 infeasible   57        49.00000   10.00000  79.6%  23.8 1425s
 11290724 63957 infeasible   48        49.00000   10.00000  79.6%  23.8 1430s
 11331674 63794   10.00000   51   36   49.00000   10.00000  79.6%  23.8 1435s
 11375277 64031   10.00000   53   19   49.00000   10.00000  79.6%  23.8 1440s
 11417405 64730 infeasible   40        49.00000   10.00000  79.6%  23.8 1445s
 11458009 64984   10.00000   49   21   49.00000   10.00000  79.6%  23.8 1450s
 11496594 64940   10.00000   42   37   49.00000   10.00000  79.6%  23.8 1455s
 11538532 65146 infeasible   57        49.00000   10.00000  79.6%  23.8 1460s
 11577345 65205 infeasible   47        49.00000   10.00000  79.6%  23.8 1465s
 11613177 64960   10.00000   52   39   49.00000   10.00000  79.6%  23.8 1470s
 11648736 65530   10.00000   71   21   49.00000   10.00000  79.6%  23.8 1475s
 11697216 65609     cutoff   64        49.00000   10.00000  79.6%  23.8 1480s
 11745059 65346   10.00000   62   25   49.00000   10.00000  79.6%  23.7 1485s
 11790437 65165     cutoff   71        49.00000   10.00000  79.6%  23.7 1490s
 11833392 64952 infeasible   62        49.00000   10.00000  79.6%  23.7 1495s
 11875086 65134   10.00000   49   25   49.00000   10.00000  79.6%  23.7 1500s
 11908951 65101 infeasible   46        49.00000   10.00000  79.6%  23.7 1505s
 11943325 64927   20.00000   50   30   49.00000   10.00000  79.6%  23.7 1510s
 11977422 65823 infeasible   62        49.00000   10.00000  79.6%  23.8 1515s
 12012676 65666 infeasible   51        49.00000   10.00000  79.6%  23.8 1520s
 12046262 65708   10.00000   58   30   49.00000   10.00000  79.6%  23.8 1525s
 12082200 66021   10.00000   58   19   49.00000   10.00000  79.6%  23.8 1530s
 12125878 66305 infeasible   49        49.00000   10.00000  79.6%  23.8 1535s
 12169654 66016   10.00000   42   25   49.00000   10.00000  79.6%  23.8 1540s
 12212649 65955 infeasible   58        49.00000   10.00000  79.6%  23.8 1545s
 12259337 66263 infeasible   54        49.00000   10.00000  79.6%  23.7 1550s
 12309530 66152     cutoff   61        49.00000   10.00000  79.6%  23.7 1555s
 12360442 65968 infeasible   61        49.00000   10.00000  79.6%  23.7 1560s
 12406230 65709     cutoff   63        49.00000   10.00000  79.6%  23.6 1565s
 12446987 65991   10.00000   59   32   49.00000   10.00000  79.6%  23.6 1570s
 12478858 66937   10.00000   46   25   49.00000   10.00000  79.6%  23.7 1575s
 12512555 67286 infeasible   51        49.00000   10.00000  79.6%  23.7 1580s
 12550465 68681 infeasible   55        49.00000   10.00000  79.6%  23.7 1585s
 12583220 69415 infeasible   42        49.00000   10.00000  79.6%  23.7 1590s
 12619391 69592 infeasible   44        49.00000   10.00000  79.6%  23.7 1595s
 12658576 69448 infeasible   57        49.00000   10.00000  79.6%  23.7 1600s
 12696780 69410 infeasible   42        49.00000   10.00000  79.6%  23.8 1605s
 12733901 69653 infeasible   48        49.00000   10.00000  79.6%  23.8 1610s
 12768964 70271 infeasible   51        49.00000   10.00000  79.6%  23.8 1615s
 12803775 70838 infeasible   49        49.00000   10.00000  79.6%  23.8 1620s
 12837463 71075   10.00000   40   28   49.00000   10.00000  79.6%  23.8 1625s
 12872215 71398   10.00000   65   17   49.00000   10.00000  79.6%  23.8 1630s
 12910404 71415 infeasible   52        49.00000   10.00000  79.6%  23.8 1635s
 12951270 71403   10.00000   44   44   49.00000   10.00000  79.6%  23.8 1640s
 12991789 71246 infeasible   51        49.00000   10.00000  79.6%  23.8 1645s
 13031905 71594   10.00000   54   27   49.00000   10.00000  79.6%  23.8 1650s
 13066477 72521   10.00000   38   29   49.00000   10.00000  79.6%  23.9 1655s
 13105287 72966 infeasible   52        49.00000   10.00000  79.6%  23.9 1660s
 13140616 73252   10.00000   42   22   49.00000   10.00000  79.6%  23.9 1665s
 13174724 73412   10.00000   43   16   49.00000   10.00000  79.6%  23.9 1670s
 13209760 73390 infeasible   52        49.00000   10.00000  79.6%  23.9 1675s
 13248187 73470 infeasible   49        49.00000   10.00000  79.6%  23.9 1680s
 13287483 74334 infeasible   52        49.00000   10.00000  79.6%  23.9 1685s
 13329331 74971   10.00000   59   29   49.00000   10.00000  79.6%  23.9 1690s
 13360994 74864   10.00000   41   43   49.00000   10.00000  79.6%  23.9 1695s
 13413960 74760   10.00000   64   32   49.00000   10.00000  79.6%  23.9 1700s
 13458702 74531 infeasible   58        49.00000   10.00000  79.6%  23.9 1705s
 13502879 74322 infeasible   59        49.00000   10.00000  79.6%  23.9 1710s
 13547942 74140   10.00000   57   23   49.00000   10.00000  79.6%  23.9 1715s
 13587813 74032 infeasible   56        49.00000   10.00000  79.6%  23.9 1720s
 13626443 74652   10.00000   50   38   49.00000   10.00000  79.6%  23.9 1725s
 13660303 75536   10.00000   44   38   49.00000   10.00000  79.6%  23.9 1730s
 13693202 75585 infeasible   46        49.00000   10.00000  79.6%  23.9 1735s
 13738903 76012   10.00000   54   24   49.00000   10.00000  79.6%  23.9 1740s
 13792786 76272   10.00000   52   28   49.00000   10.00000  79.6%  23.8 1745s
 13847001 76132   10.00000   49   26   49.00000   10.00000  79.6%  23.8 1750s
 13893855 75844   10.00000   59   23   49.00000   10.00000  79.6%  23.8 1755s
 13931746 75751   10.00000   47   30   49.00000   10.00000  79.6%  23.8 1760s
 13971103 76285     cutoff   68        49.00000   10.00000  79.6%  23.8 1765s
 14009542 76205   10.00000   61   25   49.00000   10.00000  79.6%  23.8 1770s
 14048416 76158     cutoff   57        49.00000   10.00000  79.6%  23.8 1775s
 14088251 76071 infeasible   53        49.00000   10.00000  79.6%  23.8 1780s
 14127111 75930 infeasible   47        49.00000   10.00000  79.6%  23.8 1785s
 14163675 75931   10.00000   52   26   49.00000   10.00000  79.6%  23.8 1790s
 14197559 75853   10.00000   61   24   49.00000   10.00000  79.6%  23.8 1795s
 14223764 76219   10.00000   61   36   49.00000   10.00000  79.6%  23.8 1800s
 14272371 76432     cutoff   54        49.00000   10.00000  79.6%  23.8 1805s
 14316897 76269     cutoff   60        49.00000   10.00000  79.6%  23.7 1810s
 14361281 76216   10.00000   46   27   49.00000   10.00000  79.6%  23.7 1815s
 14405191 76480   10.00000   50   35   49.00000   10.00000  79.6%  23.7 1820s
 14446902 76307   10.00000   58   29   49.00000   10.00000  79.6%  23.7 1825s
 14483238 76284 infeasible   57        49.00000   10.00000  79.6%  23.7 1830s
 14529002 76216   10.00000   55   24   49.00000   10.00000  79.6%  23.7 1835s
 14567389 76160 infeasible   47        49.00000   10.00000  79.6%  23.7 1840s
 14607231 76416 infeasible   46        49.00000   10.00000  79.6%  23.7 1845s
 14650269 76491   10.00000   62   22   49.00000   10.00000  79.6%  23.7 1850s
 14688535 76461     cutoff   63        49.00000   10.00000  79.6%  23.7 1855s
 14729815 76353 infeasible   49        49.00000   10.00000  79.6%  23.7 1860s
 14770227 76344 infeasible   45        49.00000   10.00000  79.6%  23.7 1865s
 14820976 76105   10.00000   58   26   49.00000   10.00000  79.6%  23.6 1870s
 14859511 78088   10.00000   44   38   49.00000   10.00000  79.6%  23.7 1875s
 14913829 81780   10.00000   50   30   49.00000   10.00000  79.6%  23.6 1880s
 14968196 83689   10.00000   46   22   49.00000   10.00000  79.6%  23.6 1885s
 15040027 89483   39.00000   60   25   49.00000   10.00000  79.6%  23.5 1890s
 15113293 93611   39.00000   62   21   49.00000   10.00000  79.6%  23.5 1895s
 15178245 96296   10.00000   56   27   49.00000   10.00000  79.6%  23.4 1900s
 15244232 98584   39.00000   55   20   49.00000   10.00000  79.6%  23.4 1905s
 15285538 99240     cutoff   56        49.00000   10.00000  79.6%  23.4 1910s
 15333754 100476 infeasible   44        49.00000   10.00000  79.6%  23.3 1915s
 15404276 103287   39.00000   62   19   49.00000   10.00000  79.6%  23.3 1920s
 15463536 105834 infeasible   47        49.00000   10.00000  79.6%  23.2 1925s
 15507541 106797   10.00000   63   29   49.00000   10.00000  79.6%  23.2 1930s
 15553894 107003     cutoff   62        49.00000   10.00000  79.6%  23.2 1935s
 15605350 106720     cutoff   58        49.00000   10.00000  79.6%  23.2 1940s
 15651218 106614 infeasible   53        49.00000   10.00000  79.6%  23.2 1945s
 15700183 106832   10.00000   49   34   49.00000   10.00000  79.6%  23.1 1950s
 15749338 106482   10.00000   55   23   49.00000   10.00000  79.6%  23.1 1955s
 15795257 106160     cutoff   56        49.00000   10.00000  79.6%  23.1 1960s
 15838704 105886   10.00000   47   35   49.00000   10.00000  79.6%  23.1 1965s
 15880327 105903 infeasible   48        49.00000   10.00000  79.6%  23.1 1970s
 15926863 105883   10.00000   47   22   49.00000   10.00000  79.6%  23.0 1975s
 15970972 106468 infeasible   45        49.00000   10.00000  79.6%  23.0 1980s
 16023135 106121     cutoff   60        49.00000   10.00000  79.6%  23.0 1985s
 16072553 105758     cutoff   63        49.00000   10.00000  79.6%  23.0 1990s
 16112094 106420   10.00000   52   13   49.00000   10.00000  79.6%  23.0 1995s
 16151571 107090   10.00000   62   29   49.00000   10.00000  79.6%  23.0 2000s
 16189273 108655 infeasible   45        49.00000   10.00000  79.6%  23.0 2005s
 16230987 109621 infeasible   49        49.00000   10.00000  79.6%  23.0 2010s
 16281419 111125     cutoff   53        49.00000   10.00000  79.6%  22.9 2015s
 16342843 112624   10.00000   56   27   49.00000   10.00000  79.6%  22.9 2020s
 16405879 115181   39.00000   56   26   49.00000   10.00000  79.6%  22.8 2025s
 16475337 118405 infeasible   50        49.00000   10.00000  79.6%  22.8 2030s
 16525448 119825   39.00000   51   20   49.00000   10.00000  79.6%  22.8 2035s
 16571747 120334 infeasible   53        49.00000   10.00000  79.6%  22.8 2040s
 16616254 120445 infeasible   56        49.00000   10.00000  79.6%  22.8 2045s
 16659182 120185   10.00000   43   37   49.00000   10.00000  79.6%  22.8 2050s
 16710178 120140 infeasible   47        49.00000   10.00000  79.6%  22.7 2055s
 16760552 120092   10.00000   50   28   49.00000   10.00000  79.6%  22.7 2060s
 16798680 120928     cutoff   59        49.00000   10.00000  79.6%  22.7 2065s
 16843863 121176   10.00000   62   23   49.00000   10.00000  79.6%  22.7 2070s
 16889431 120982     cutoff   64        49.00000   10.00000  79.6%  22.7 2075s
 16939902 120954     cutoff   59        49.00000   10.00000  79.6%  22.7 2080s
 16993733 120873   10.00000   57   25   49.00000   10.00000  79.6%  22.7 2085s
 17046623 120769 infeasible   45        49.00000   10.00000  79.6%  22.6 2090s
 17094084 120979   10.00000   48   32   49.00000   10.00000  79.6%  22.6 2095s
 17143176 120885   10.00000   52   24   49.00000   10.00000  79.6%  22.6 2100s
 17188043 120945   10.00000   46   42   49.00000   10.00000  79.6%  22.6 2105s
 17229832 120775   10.00000   55   24   49.00000   10.00000  79.6%  22.6 2110s
 17268436 120969   10.00000   65   25   49.00000   10.00000  79.6%  22.6 2115s
 17318962 120664     cutoff   55        49.00000   10.00000  79.6%  22.6 2120s
 17354858 120586   10.00000   46   31   49.00000   10.00000  79.6%  22.6 2125s
 17390203 120487   10.00000   56   32   49.00000   10.00000  79.6%  22.6 2130s
 17427500 120478 infeasible   58        49.00000   10.00000  79.6%  22.6 2135s
 17465168 120549     cutoff   58        49.00000   10.00000  79.6%  22.6 2140s
 17504902 120630   10.00000   54   26   49.00000   10.00000  79.6%  22.6 2145s
 17546239 120790   10.00000   61   29   49.00000   10.00000  79.6%  22.6 2150s
 17586676 120633   10.00000   40   33   49.00000   10.00000  79.6%  22.6 2155s
 17630689 120635 infeasible   64        49.00000   10.00000  79.6%  22.6 2160s
 17666025 121311   10.00000   46   28   49.00000   10.00000  79.6%  22.6 2165s
 17697596 121645 infeasible   50        49.00000   10.00000  79.6%  22.7 2170s
 17730042 122065   10.00000   51   27   49.00000   10.00000  79.6%  22.7 2175s
 17756170 122708 infeasible   55        49.00000   10.00000  79.6%  22.7 2180s
 17784559 122860 infeasible   49        49.00000   10.00000  79.6%  22.7 2185s
 17813411 122987   10.00000   41   37   49.00000   10.00000  79.6%  22.8 2190s
 17843970 123280 infeasible   47        49.00000   10.00000  79.6%  22.8 2195s
 17875699 123758   10.00000   53   39   49.00000   10.00000  79.6%  22.8 2200s
 17909266 124037   10.00000   55   31   49.00000   10.00000  79.6%  22.8 2205s
 17942146 124218   10.00000   53   24   49.00000   10.00000  79.6%  22.8 2210s
 17975959 124374 infeasible   51        49.00000   10.00000  79.6%  22.8 2215s
 18010108 125358   10.00000   50   37   49.00000   10.00000  79.6%  22.9 2220s
 18048975 125407   10.00000   59   27   49.00000   10.00000  79.6%  22.9 2225s
 18087309 125443   20.00000   53   29   49.00000   10.00000  79.6%  22.9 2230s
 18122973 125614 infeasible   49        49.00000   10.00000  79.6%  22.9 2235s
 18155073 125542     cutoff   66        49.00000   10.00000  79.6%  22.9 2240s
 18187538 125652 infeasible   47        49.00000   10.00000  79.6%  22.9 2245s
 18230584 126083   10.00000   52   16   49.00000   10.00000  79.6%  22.9 2250s
 18272832 125622 infeasible   47        49.00000   10.00000  79.6%  22.9 2255s
 18305141 126138   10.00000   43   20   49.00000   10.00000  79.6%  22.9 2260s
 18338674 126227 infeasible   44        49.00000   10.00000  79.6%  22.9 2265s
 18374675 126221 infeasible   49        49.00000   10.00000  79.6%  22.9 2270s
 18414230 126462   10.00000   42   26   49.00000   10.00000  79.6%  22.9 2275s
 18453062 126486     cutoff   61        49.00000   10.00000  79.6%  22.9 2280s
 18492590 126401   20.00000   50   19   49.00000   10.00000  79.6%  22.9 2285s
 18530975 126475   10.00000   53   32   49.00000   10.00000  79.6%  23.0 2290s
 18569582 126184     cutoff   61        49.00000   10.00000  79.6%  23.0 2295s
 18603380 126379   10.00000   44   27   49.00000   10.00000  79.6%  23.0 2300s
 18634929 126178   20.00000   49   30   49.00000   10.00000  79.6%  23.0 2305s
 18662762 126618     cutoff   62        49.00000   10.00000  79.6%  23.0 2310s
 18696393 126698   10.00000   61   18   49.00000   10.00000  79.6%  23.0 2315s
 18739157 127245     cutoff   64        49.00000   10.00000  79.6%  23.0 2320s
 18781152 126861     cutoff   63        49.00000   10.00000  79.6%  23.0 2325s
 18823932 126700     cutoff   57        49.00000   10.00000  79.6%  23.0 2330s
 18863528 126739   10.00000   60   25   49.00000   10.00000  79.6%  23.0 2335s
 18901878 126492   10.00000   46   36   49.00000   10.00000  79.6%  23.0 2340s
 18933705 127049     cutoff   64        49.00000   10.00000  79.6%  23.0 2345s
 18977929 127637     cutoff   66        49.00000   10.00000  79.6%  23.0 2350s
 19025374 127583     cutoff   63        49.00000   10.00000  79.6%  23.0 2355s
 19072046 127531   10.00000   65   32   49.00000   10.00000  79.6%  23.0 2360s
 19117985 127070     cutoff   59        49.00000   10.00000  79.6%  23.0 2365s
 19150551 127150   10.00000   68   29   49.00000   10.00000  79.6%  23.0 2370s
 19199420 126861 infeasible   63        49.00000   10.00000  79.6%  23.0 2375s
 19245398 126637 infeasible   51        49.00000   10.00000  79.6%  22.9 2380s
 19285691 126730   10.00000   57   18   49.00000   10.00000  79.6%  22.9 2385s
 19327106 126644   10.00000   55   23   49.00000   10.00000  79.6%  22.9 2390s
 19366760 126556 infeasible   52        49.00000   10.00000  79.6%  22.9 2395s
 19413250 126462     cutoff   58        49.00000   10.00000  79.6%  22.9 2400s
 19454582 126619     cutoff   64        49.00000   10.00000  79.6%  22.9 2405s
 19502117 126526     cutoff   56        49.00000   10.00000  79.6%  22.9 2410s
 19550364 126310 infeasible   48        49.00000   10.00000  79.6%  22.9 2415s
 19583204 127187   10.00000   50   25   49.00000   10.00000  79.6%  22.9 2420s
 19614909 127401 infeasible   61        49.00000   10.00000  79.6%  22.9 2425s
 19647878 127194 infeasible   56        49.00000   10.00000  79.6%  22.9 2430s
 19683199 127169   10.00000   57   24   49.00000   10.00000  79.6%  22.9 2435s
 19728593 127036 infeasible   53        49.00000   10.00000  79.6%  22.9 2440s
 19768291 126856   10.00000   53   34   49.00000   10.00000  79.6%  22.9 2445s
 19809498 127002   10.00000   58   26   49.00000   10.00000  79.6%  22.9 2450s
 19850249 127364   10.00000   57   20   49.00000   10.00000  79.6%  22.9 2455s
 19890268 127074 infeasible   64        49.00000   10.00000  79.6%  22.9 2460s
 19933465 127156   10.00000   59   28   49.00000   10.00000  79.6%  22.9 2465s
 19976104 126811 infeasible   55        49.00000   10.00000  79.6%  22.9 2470s
 20009846 126925     cutoff   48        49.00000   10.00000  79.6%  22.9 2475s
 20044069 126592 infeasible   54        49.00000   10.00000  79.6%  22.9 2480s
 20079332 126572 infeasible   49        49.00000   10.00000  79.6%  22.9 2485s
 20114390 126441   10.00000   60   34   49.00000   10.00000  79.6%  22.9 2490s
 20145337 126470   10.00000   59   25   49.00000   10.00000  79.6%  22.9 2495s
 20181090 126748   10.00000   55   35   49.00000   10.00000  79.6%  22.9 2500s
 20212149 126654 infeasible   42        49.00000   10.00000  79.6%  22.9 2505s
 20237991 126341     cutoff   59        49.00000   10.00000  79.6%  22.9 2510s
 20272987 126300 infeasible   44        49.00000   10.00000  79.6%  22.9 2515s
 20302939 126813   10.00000   49   30   49.00000   10.00000  79.6%  23.0 2520s
 20335860 127027   10.00000   46   50   49.00000   10.00000  79.6%  23.0 2525s
 20367477 126963   10.00000   45   27   49.00000   10.00000  79.6%  23.0 2530s
 20402379 126837 infeasible   50        49.00000   10.00000  79.6%  23.0 2535s
 20440061 126793   10.00000   53   31   49.00000   10.00000  79.6%  23.0 2540s
 20476334 126721   10.00000   44   33   49.00000   10.00000  79.6%  23.0 2545s
 20510522 126589   10.00000   43   34   49.00000   10.00000  79.6%  23.0 2550s
 20547293 126406   10.00000   43   34   49.00000   10.00000  79.6%  23.0 2555s
 20581465 126267   10.00000   45   19   49.00000   10.00000  79.6%  23.0 2560s
 20614445 126369     cutoff   64        49.00000   10.00000  79.6%  23.0 2565s
 20647933 126569   10.00000   53   19   49.00000   10.00000  79.6%  23.0 2570s
 20682503 126610   10.00000   52   21   49.00000   10.00000  79.6%  23.1 2575s
 20717071 126529     cutoff   66        49.00000   10.00000  79.6%  23.1 2580s
 20752359 126692 infeasible   52        49.00000   10.00000  79.6%  23.1 2585s
 20789622 126802 infeasible   48        49.00000   10.00000  79.6%  23.1 2590s
 20823902 127001 infeasible   56        49.00000   10.00000  79.6%  23.1 2595s
 20859049 127210 infeasible   52        49.00000   10.00000  79.6%  23.1 2600s
 20896641 127755   10.00000   67   23   49.00000   10.00000  79.6%  23.1 2605s
 20939534 127495 infeasible   57        49.00000   10.00000  79.6%  23.1 2610s
 20975036 127431     cutoff   67        49.00000   10.00000  79.6%  23.1 2615s
 21007264 127596   10.00000   53   33   49.00000   10.00000  79.6%  23.1 2620s
 21040860 127759   10.00000   41   35   49.00000   10.00000  79.6%  23.1 2625s
 21072782 127996   10.00000   57   24   49.00000   10.00000  79.6%  23.1 2630s
 21114264 128012     cutoff   60        49.00000   10.00000  79.6%  23.1 2635s
 21153034 127786 infeasible   45        49.00000   10.00000  79.6%  23.1 2640s
 21186996 127824     cutoff   60        49.00000   10.00000  79.6%  23.1 2645s
 21219139 127984   10.00000   40   30   49.00000   10.00000  79.6%  23.2 2650s
 21254819 128073 infeasible   57        49.00000   10.00000  79.6%  23.2 2655s
 21289027 128286 infeasible   42        49.00000   10.00000  79.6%  23.2 2660s
 21320201 128424 infeasible   50        49.00000   10.00000  79.6%  23.2 2665s
 21352782 128543   10.00000   48   30   49.00000   10.00000  79.6%  23.2 2670s
 21384848 129044   10.00000   47   25   49.00000   10.00000  79.6%  23.2 2675s
 21415146 129596 infeasible   63        49.00000   10.00000  79.6%  23.2 2680s
 21448964 130019   10.00000   48   45   49.00000   10.00000  79.6%  23.2 2685s
 21481352 130402   10.00000   54   30   49.00000   10.00000  79.6%  23.3 2690s
 21517917 131375   10.00000   51   23   49.00000   10.00000  79.6%  23.3 2695s
 21555505 131304 infeasible   46        49.00000   10.00000  79.6%  23.3 2700s
 21594245 131107 infeasible   53        49.00000   10.00000  79.6%  23.3 2705s
 21631721 131061   10.00000   44   39   49.00000   10.00000  79.6%  23.3 2710s
 21668810 131275   10.00000   37   28   49.00000   10.00000  79.6%  23.3 2715s
 21704119 131374   10.00000   52   30   49.00000   10.00000  79.6%  23.3 2720s
 21738099 131835     cutoff   54        49.00000   10.00000  79.6%  23.3 2725s
 21773416 131946   10.00000   50   39   49.00000   10.00000  79.6%  23.3 2730s
 21807725 132839 infeasible   60        49.00000   10.00000  79.6%  23.3 2735s
 21838899 133450 infeasible   53        49.00000   10.00000  79.6%  23.3 2740s
 21870190 134214   10.00000   51   34   49.00000   10.00000  79.6%  23.3 2745s
 21906005 135299 infeasible   52        49.00000   10.00000  79.6%  23.3 2750s
 21952073 135520 infeasible   58        49.00000   10.00000  79.6%  23.3 2755s
 21994113 135387   10.00000   64   26   49.00000   10.00000  79.6%  23.3 2760s
 22044658 135799   10.00000   45   24   49.00000   10.00000  79.6%  23.3 2765s
 22094646 135467   10.00000   53   28   49.00000   10.00000  79.6%  23.3 2770s
 22140689 135402 infeasible   52        49.00000   10.00000  79.6%  23.3 2775s
 22175655 135524 infeasible   44        49.00000   10.00000  79.6%  23.3 2780s
 22208486 135658   10.00000   39   30   49.00000   10.00000  79.6%  23.3 2785s
 22244326 135890   20.00000   42   34   49.00000   10.00000  79.6%  23.3 2790s
 22283979 135934 infeasible   51        49.00000   10.00000  79.6%  23.3 2795s
 22323557 135931 infeasible   45        49.00000   10.00000  79.6%  23.3 2800s
 22361168 136222     cutoff   56        49.00000   10.00000  79.6%  23.3 2805s
 22412105 136521     cutoff   61        49.00000   10.00000  79.6%  23.3 2810s
 22468933 136574   10.00000   50   29   49.00000   10.00000  79.6%  23.3 2815s
 22519771 136505 infeasible   47        49.00000   10.00000  79.6%  23.3 2820s
 22572442 136706   10.00000   60   24   49.00000   10.00000  79.6%  23.2 2825s
 22625553 136778   10.00000   51   26   49.00000   10.00000  79.6%  23.2 2830s
 22674862 136517 infeasible   43        49.00000   10.00000  79.6%  23.2 2835s
 22710637 136533   10.00000   40   28   49.00000   10.00000  79.6%  23.2 2840s
 22747844 137300 infeasible   55        49.00000   10.00000  79.6%  23.2 2845s
 22781958 138147   10.00000   49   36   49.00000   10.00000  79.6%  23.2 2850s
 22814992 138187 infeasible   46        49.00000   10.00000  79.6%  23.2 2855s
 22849692 138049   10.00000   52   37   49.00000   10.00000  79.6%  23.3 2860s
 22881361 137842   10.00000   63   21   49.00000   10.00000  79.6%  23.3 2865s
 22923718 137987 infeasible   57        49.00000   10.00000  79.6%  23.3 2870s
 22961634 138698 infeasible   45        49.00000   10.00000  79.6%  23.3 2875s
 23006684 139902   10.00000   55   12   49.00000   10.00000  79.6%  23.3 2880s
 23068300 139811   10.00000   58   26   49.00000   10.00000  79.6%  23.2 2885s
 23127466 139672   10.00000   56   24   49.00000   10.00000  79.6%  23.2 2890s
 23180698 139496     cutoff   57        49.00000   10.00000  79.6%  23.2 2895s
 23226838 139580     cutoff   68        49.00000   10.00000  79.6%  23.2 2900s
 23262636 139900     cutoff   57        49.00000   10.00000  79.6%  23.2 2905s
 23301798 140155   10.00000   61   22   49.00000   10.00000  79.6%  23.2 2910s
 23343492 140593   10.00000   50   32   49.00000   10.00000  79.6%  23.2 2915s
 23390202 141342   10.00000   60   21   49.00000   10.00000  79.6%  23.2 2920s
 23437968 141511   10.00000   46   36   49.00000   10.00000  79.6%  23.2 2925s
 23482260 141911   20.00000   55   28   49.00000   10.00000  79.6%  23.2 2930s
 23524294 142231   10.00000   41   37   49.00000   10.00000  79.6%  23.2 2935s
 23574682 142486   10.00000   66   31   49.00000   10.00000  79.6%  23.2 2940s
 23629908 142120   10.00000   56   20   49.00000   10.00000  79.6%  23.1 2945s
 23677984 142300 infeasible   47        49.00000   10.00000  79.6%  23.1 2950s
 23713348 142715 infeasible   50        49.00000   10.00000  79.6%  23.1 2955s
 23749457 142944   10.00000   52   29   49.00000   10.00000  79.6%  23.1 2960s
 23783599 143442 infeasible   52        49.00000   10.00000  79.6%  23.2 2965s
 23820732 143563 infeasible   50        49.00000   10.00000  79.6%  23.2 2970s
 23855045 143654 infeasible   44        49.00000   10.00000  79.6%  23.2 2975s
 23890418 143717     cutoff   55        49.00000   10.00000  79.6%  23.2 2980s
 23926018 143712 infeasible   57        49.00000   10.00000  79.6%  23.2 2985s
 23960983 143640 infeasible   55        49.00000   10.00000  79.6%  23.2 2990s
 23994063 143795   20.00000   54   41   49.00000   10.00000  79.6%  23.2 2995s
 24025177 143836   10.00000   52   29   49.00000   10.00000  79.6%  23.2 3000s
 24056942 143693 infeasible   56        49.00000   10.00000  79.6%  23.2 3005s
 24089864 143746   10.00000   50   29   49.00000   10.00000  79.6%  23.2 3010s
 24120658 143875 infeasible   55        49.00000   10.00000  79.6%  23.3 3015s
 24155953 144140   10.00000   45   32   49.00000   10.00000  79.6%  23.3 3020s
 24192689 144333   20.00000   46   32   49.00000   10.00000  79.6%  23.3 3025s
 24221621 144986   10.00000   48   40   49.00000   10.00000  79.6%  23.3 3030s
 24253101 144906 infeasible   57        49.00000   10.00000  79.6%  23.3 3035s
 24283994 144982 infeasible   64        49.00000   10.00000  79.6%  23.3 3040s
 24317155 145059 infeasible   53        49.00000   10.00000  79.6%  23.3 3045s
 24348333 145153   10.00000   50   35   49.00000   10.00000  79.6%  23.3 3050s
 24380850 145335 infeasible   51        49.00000   10.00000  79.6%  23.3 3055s
 24410771 145505 infeasible   48        49.00000   10.00000  79.6%  23.4 3060s
 24445497 145830   10.00000   51   32   49.00000   10.00000  79.6%  23.4 3065s
 24478594 145658   10.00000   54   24   49.00000   10.00000  79.6%  23.4 3070s
 24510868 146093 infeasible   61        49.00000   10.00000  79.6%  23.4 3075s
 24543134 145793   10.00000   51   32   49.00000   10.00000  79.6%  23.4 3080s
 24576087 146018   10.00000   44   40   49.00000   10.00000  79.6%  23.4 3085s
 24606208 146119   10.00000   50   26   49.00000   10.00000  79.6%  23.4 3090s
 24636095 145883 infeasible   53        49.00000   10.00000  79.6%  23.4 3095s
 24669789 145364 infeasible   61        49.00000   10.00000  79.6%  23.4 3100s
 24703671 144596 infeasible   47        49.00000   10.00000  79.6%  23.5 3105s
 24736383 144179   10.00000   63   28   49.00000   10.00000  79.6%  23.5 3110s
 24773605 143635   10.00000   63   30   49.00000   10.00000  79.6%  23.5 3115s
 24810618 143034 infeasible   52        49.00000   10.00000  79.6%  23.5 3120s
 24848653 143234   10.00000   51   38   49.00000   10.00000  79.6%  23.5 3125s
 24888483 143094   10.00000   48   37   49.00000   10.00000  79.6%  23.5 3130s
 24922724 143152   10.00000   43   26   49.00000   10.00000  79.6%  23.5 3135s
 24962481 142626   10.00000   55   36   49.00000   10.00000  79.6%  23.5 3140s
 24993756 142035   20.00000   52   32   49.00000   20.00000  59.2%  23.5 3145s
 25025763 141463 infeasible   54        49.00000   20.00000  59.2%  23.5 3150s
 25059344 140409 infeasible   55        49.00000   20.00000  59.2%  23.5 3155s
 25092429 139995 infeasible   52        49.00000   20.00000  59.2%  23.5 3160s
 25124387 139071 infeasible   62        49.00000   20.00000  59.2%  23.5 3165s
 25156661 137962   20.00000   52   22   49.00000   20.00000  59.2%  23.6 3170s
 25187029 137076   20.00000   50   34   49.00000   20.00000  59.2%  23.6 3175s
 25219030 136282 infeasible   58        49.00000   20.00000  59.2%  23.6 3180s
 25251461 135269 infeasible   54        49.00000   20.00000  59.2%  23.6 3185s
 25284173 134479 infeasible   48        49.00000   20.00000  59.2%  23.6 3190s
 25313461 133888   20.00000   55   20   49.00000   20.00000  59.2%  23.6 3195s
 25344521 133087   20.00000   47   30   49.00000   20.00000  59.2%  23.6 3200s
 25377600 132913   20.00000   64   28   49.00000   20.00000  59.2%  23.6 3205s
 25411510 132126 infeasible   53        49.00000   20.00000  59.2%  23.7 3210s
 25444084 131242 infeasible   59        49.00000   20.00000  59.2%  23.7 3215s
 25473094 130714 infeasible   50        49.00000   20.00000  59.2%  23.7 3220s
 25505525 130328 infeasible   48        49.00000   20.00000  59.2%  23.7 3225s
 25539191 129834 infeasible   44        49.00000   20.00000  59.2%  23.7 3230s
 25574619 128463   20.00000   49   35   49.00000   20.00000  59.2%  23.7 3235s
 25607921 127765   20.00000   39   33   49.00000   20.00000  59.2%  23.7 3240s
 25638441 127560   20.00000   59   24   49.00000   20.00000  59.2%  23.7 3245s
 25669123 127056   20.00000   53   33   49.00000   20.00000  59.2%  23.7 3250s
 25702170 126714 infeasible   58        49.00000   20.00000  59.2%  23.8 3255s
 25750158 126854     cutoff   56        49.00000   20.00000  59.2%  23.7 3260s
 25797497 126708   20.00000   42   24   49.00000   20.00000  59.2%  23.7 3265s
 25833770 126230 infeasible   53        49.00000   20.00000  59.2%  23.7 3270s
 25864675 126657 infeasible   58        49.00000   20.00000  59.2%  23.8 3275s
 25895952 126764 infeasible   49        49.00000   20.00000  59.2%  23.8 3280s
 25926191 127309 infeasible   52        49.00000   20.00000  59.2%  23.8 3285s
 25958275 127311 infeasible   57        49.00000   20.00000  59.2%  23.8 3290s
 25984646 127112 infeasible   56        49.00000   20.00000  59.2%  23.8 3295s
 26015528 126850   20.00000   44   35   49.00000   20.00000  59.2%  23.8 3300s
 26045042 126555 infeasible   56        49.00000   20.00000  59.2%  23.8 3305s
 26076268 126413   20.00000   47   31   49.00000   20.00000  59.2%  23.8 3310s
 26107655 126257   20.00000   64   28   49.00000   20.00000  59.2%  23.8 3315s
 26139325 126612 infeasible   50        49.00000   20.00000  59.2%  23.9 3320s
 26165682 126689 infeasible   54        49.00000   20.00000  59.2%  23.9 3325s
 26192170 126476 infeasible   49        49.00000   20.00000  59.2%  23.9 3330s
 26221430 126188 infeasible   61        49.00000   20.00000  59.2%  23.9 3335s
 26252921 126381 infeasible   57        49.00000   20.00000  59.2%  23.9 3340s
 26285648 126253 infeasible   53        49.00000   20.00000  59.2%  23.9 3345s
 26318106 125722   20.00000   47   28   49.00000   20.00000  59.2%  23.9 3350s
 26349617 125001   20.00000   55   27   49.00000   20.00000  59.2%  23.9 3355s
 26378398 124596 infeasible   73        49.00000   20.00000  59.2%  23.9 3360s
 26409030 123602   20.00000   49   35   49.00000   20.00000  59.2%  24.0 3365s
 26435232 122696 infeasible   52        49.00000   20.00000  59.2%  24.0 3370s
 26466660 121884   20.00000   47   43   49.00000   20.00000  59.2%  24.0 3375s
 26496549 121159   20.00000   50   39   49.00000   20.00000  59.2%  24.0 3380s
 26526286 120484   20.00000   50   35   49.00000   20.00000  59.2%  24.0 3385s
 26559289 120318 infeasible   63        49.00000   20.00000  59.2%  24.0 3390s
 26594635 119999   20.00000   59   25   49.00000   20.00000  59.2%  24.0 3395s
 26631223 120155 infeasible   42        49.00000   20.00000  59.2%  24.0 3400s
 26669235 119850   20.00000   61   19   49.00000   20.00000  59.2%  24.0 3405s
 26705062 119244 infeasible   50        49.00000   20.00000  59.2%  24.0 3410s
 26737412 118924 infeasible   38        49.00000   20.00000  59.2%  24.1 3415s
 26770003 118420   20.00000   54   19   49.00000   20.00000  59.2%  24.1 3420s
 26803486 117524   20.00000   42   41   49.00000   20.00000  59.2%  24.1 3425s
 26839598 116285 infeasible   48        49.00000   20.00000  59.2%  24.1 3430s
 26872576 114914   20.00000   44   34   49.00000   20.00000  59.2%  24.1 3435s
 26908600 114117 infeasible   44        49.00000   20.00000  59.2%  24.1 3440s
 26939464 113266   20.00000   38   33   49.00000   20.00000  59.2%  24.1 3445s
 26973755 112531   20.00000   52   22   49.00000   20.00000  59.2%  24.1 3450s
 27008054 112240   20.00000   47   32   49.00000   20.00000  59.2%  24.1 3455s
 27041594 111261   20.00000   51   39   49.00000   20.00000  59.2%  24.1 3460s
 27073077 110650 infeasible   53        49.00000   20.00000  59.2%  24.1 3465s
 27104633 109844   20.00000   45   28   49.00000   20.00000  59.2%  24.1 3470s
 27135511 109267 infeasible   42        49.00000   20.00000  59.2%  24.2 3475s
 27164976 108145   20.00000   42   34   49.00000   20.00000  59.2%  24.2 3480s
 27199232 108083   20.00000   57   30   49.00000   20.00000  59.2%  24.2 3485s
 27238217 107912   20.00000   50   24   49.00000   20.00000  59.2%  24.2 3490s
 27276982 107286 infeasible   47        49.00000   20.00000  59.2%  24.2 3495s
 27311096 106461 infeasible   53        49.00000   20.00000  59.2%  24.2 3500s
 27342026 105915 infeasible   57        49.00000   20.00000  59.2%  24.2 3505s
 27371899 105443 infeasible   52        49.00000   20.00000  59.2%  24.2 3510s
 27402971 105327 infeasible   58        49.00000   20.00000  59.2%  24.2 3515s
 27433575 105216 infeasible   56        49.00000   20.00000  59.2%  24.2 3520s
 27465261 104701 infeasible   59        49.00000   20.00000  59.2%  24.2 3525s
 27497222 103972   20.00000   48   40   49.00000   20.00000  59.2%  24.3 3530s
 27525988 103121 infeasible   48        49.00000   20.00000  59.2%  24.3 3535s
 27559551 102519 infeasible   60        49.00000   20.00000  59.2%  24.3 3540s
 27589635 102164 infeasible   56        49.00000   20.00000  59.2%  24.3 3545s
 27620063 101320 infeasible   45        49.00000   20.00000  59.2%  24.3 3550s
 27652382 100674 infeasible   52        49.00000   20.00000  59.2%  24.3 3555s
 27685491 99820 infeasible   49        49.00000   20.00000  59.2%  24.3 3560s
 27718312 98929 infeasible   47        49.00000   20.00000  59.2%  24.3 3565s
 27749661 97896 infeasible   55        49.00000   20.00000  59.2%  24.3 3570s
 27782440 97057 infeasible   52        49.00000   20.00000  59.2%  24.4 3575s
 27813594 96452 infeasible   51        49.00000   20.00000  59.2%  24.4 3580s
 27842043 95851 infeasible   54        49.00000   20.00000  59.2%  24.4 3585s
 27872388 95003 infeasible   56        49.00000   20.00000  59.2%  24.4 3590s
 27916069 95304     cutoff   50        49.00000   20.00000  59.2%  24.4 3595s
 27961801 95169   20.00000   51   31   49.00000   20.00000  59.2%  24.4 3600s
 28018307 95066   20.00000   54   24   49.00000   20.00000  59.2%  24.3 3605s
 28083354 94841   20.00000   51   25   49.00000   20.00000  59.2%  24.3 3610s
 28143541 94701   20.00000   56   19   49.00000   20.00000  59.2%  24.3 3615s
 28182677 93581 infeasible   50        49.00000   20.00000  59.2%  24.3 3620s
 28210154 92721   20.00000   40   23   49.00000   20.00000  59.2%  24.3 3625s
 28239203 92433 infeasible   49        49.00000   20.00000  59.2%  24.3 3630s
 28268038 92234 infeasible   63        49.00000   20.00000  59.2%  24.3 3635s
 28295635 91832 infeasible   61        49.00000   20.00000  59.2%  24.3 3640s
 28325590 91605 infeasible   62        49.00000   20.00000  59.2%  24.3 3645s
 28355919 91082 infeasible   58        49.00000   20.00000  59.2%  24.4 3650s
 28386593 91270 infeasible   48        49.00000   20.00000  59.2%  24.4 3655s
 28419070 91365   20.00000   50   35   49.00000   20.00000  59.2%  24.4 3660s
 28454311 91119   20.00000   70   23   49.00000   20.00000  59.2%  24.4 3665s
 28488626 90853 infeasible   46        49.00000   20.00000  59.2%  24.4 3670s
 28525089 90741   20.00000   49   43   49.00000   20.00000  59.2%  24.4 3675s
 28580469 90720 infeasible   48        49.00000   20.00000  59.2%  24.4 3680s
 28634416 90689     cutoff   54        49.00000   20.00000  59.2%  24.3 3685s
 28674464 90287 infeasible   48        49.00000   20.00000  59.2%  24.3 3690s
 28710003 90024 infeasible   49        49.00000   20.00000  59.2%  24.3 3695s
 28741644 89814   20.00000   59   31   49.00000   20.00000  59.2%  24.4 3700s
 28772556 89522   20.00000   53   28   49.00000   20.00000  59.2%  24.4 3705s
 28806201 89843 infeasible   46        49.00000   20.00000  59.2%  24.4 3710s
 28841127 89608 infeasible   47        49.00000   20.00000  59.2%  24.4 3715s
 28874121 89310   20.00000   43   37   49.00000   20.00000  59.2%  24.4 3720s
 28905778 88801   20.00000   48   37   49.00000   20.00000  59.2%  24.4 3725s
 28937247 88981   20.00000   52   20   49.00000   20.00000  59.2%  24.4 3730s
 28968660 88563   20.00000   44   47   49.00000   20.00000  59.2%  24.4 3735s
 29000887 88600 infeasible   50        49.00000   20.00000  59.2%  24.4 3740s
 29033017 88180 infeasible   48        49.00000   20.00000  59.2%  24.4 3745s
 29064534 87808 infeasible   62        49.00000   20.00000  59.2%  24.4 3750s
 29095000 88063 infeasible   54        49.00000   20.00000  59.2%  24.4 3755s
 29124169 87492 infeasible   70        49.00000   20.00000  59.2%  24.5 3760s
 29156333 86687 infeasible   51        49.00000   20.00000  59.2%  24.5 3765s
 29188705 86084 infeasible   51        49.00000   20.00000  59.2%  24.5 3770s
 29221505 85304   20.00000   50   31   49.00000   20.00000  59.2%  24.5 3775s
 29251782 85537 infeasible   51        49.00000   20.00000  59.2%  24.5 3780s
 29279479 85767 infeasible   50        49.00000   20.00000  59.2%  24.5 3785s
 29311365 85678 infeasible   51        49.00000   20.00000  59.2%  24.5 3790s
 29344720 85428   20.00000   45   29   49.00000   20.00000  59.2%  24.5 3795s
 29374251 85315   20.00000   46   32   49.00000   20.00000  59.2%  24.5 3800s
 29406121 85140 infeasible   50        49.00000   20.00000  59.2%  24.5 3805s
 29437371 85050 infeasible   54        49.00000   20.00000  59.2%  24.5 3810s
 29468278 84927   20.00000   54   33   49.00000   20.00000  59.2%  24.5 3815s
 29508430 85369   20.00000   58   14   49.00000   20.00000  59.2%  24.5 3820s
 29556717 84975 infeasible   58        49.00000   20.00000  59.2%  24.5 3825s
 29606111 85042   20.00000   55   27   49.00000   20.00000  59.2%  24.5 3830s
 29645111 84275 infeasible   58        49.00000   20.00000  59.2%  24.5 3835s
 29677310 83406   20.00000   59   18   49.00000   20.00000  59.2%  24.5 3840s
 29706666 82521 infeasible   47        49.00000   20.00000  59.2%  24.5 3845s
 29741623 81904   20.00000   56   28   49.00000   20.00000  59.2%  24.5 3850s
 29776797 81134   20.00000   47   41   49.00000   20.00000  59.2%  24.6 3855s
 29808852 80492   20.00000   59   19   49.00000   20.00000  59.2%  24.6 3860s
 29842481 80150 infeasible   54        49.00000   20.00000  59.2%  24.6 3865s
 29874750 79575 infeasible   54        49.00000   20.00000  59.2%  24.6 3870s
 29905526 79080   20.00000   51   26   49.00000   20.00000  59.2%  24.6 3875s
 29934740 78718 infeasible   70        49.00000   20.00000  59.2%  24.6 3880s
 29964293 78818   20.00000   65   24   49.00000   20.00000  59.2%  24.6 3885s
 29993500 78389   20.00000   47   26   49.00000   20.00000  59.2%  24.6 3890s
 30028161 78653   20.00000   54   29   49.00000   20.00000  59.2%  24.6 3895s
 30071726 78251 infeasible   48        49.00000   20.00000  59.2%  24.6 3900s
 30104976 77881   20.00000   48   30   49.00000   20.00000  59.2%  24.6 3905s
 30133979 77892 infeasible   50        49.00000   20.00000  59.2%  24.6 3910s
 30165737 77890   20.00000   48   40   49.00000   20.00000  59.2%  24.6 3915s
 30195195 77924   20.00000   54   25   49.00000   20.00000  59.2%  24.6 3920s
 30241243 78062   20.00000   61   20   49.00000   20.00000  59.2%  24.6 3925s
 30291922 78027     cutoff   56        49.00000   20.00000  59.2%  24.6 3930s
 30342354 78066     cutoff   56        49.00000   20.00000  59.2%  24.6 3935s
 30385591 77576     cutoff   54        49.00000   20.00000  59.2%  24.6 3940s
 30417259 77555 infeasible   48        49.00000   20.00000  59.2%  24.6 3945s
 30447818 77253   20.00000   64   30   49.00000   20.00000  59.2%  24.6 3950s
 30478279 76741 infeasible   56        49.00000   20.00000  59.2%  24.6 3955s
 30509120 77037   20.00000   44   31   49.00000   20.00000  59.2%  24.6 3960s
 30541241 77089 infeasible   53        49.00000   20.00000  59.2%  24.6 3965s
 30576193 76908   20.00000   61   29   49.00000   20.00000  59.2%  24.6 3970s
 30608566 76846   20.00000   50   19   49.00000   20.00000  59.2%  24.7 3975s
 30644218 76732 infeasible   42        49.00000   20.00000  59.2%  24.7 3980s
 30679699 76752   20.00000   47   31   49.00000   20.00000  59.2%  24.7 3985s
 30714811 76603 infeasible   41        49.00000   20.00000  59.2%  24.7 3990s
 30748900 76308 infeasible   54        49.00000   20.00000  59.2%  24.7 3995s
 30780295 75429   20.00000   48   37   49.00000   20.00000  59.2%  24.7 4000s
 30810637 74619   20.00000   48   27   49.00000   20.00000  59.2%  24.7 4005s
 30841457 73645 infeasible   45        49.00000   20.00000  59.2%  24.7 4010s
 30885074 74657   20.00000   60   16   49.00000   20.00000  59.2%  24.7 4015s
 30948605 74449     cutoff   58        49.00000   20.00000  59.2%  24.7 4020s
 31008532 73911   20.00000   60   31   49.00000   20.00000  59.2%  24.6 4025s
 31064847 74010     cutoff   61        49.00000   20.00000  59.2%  24.6 4030s
 31122794 73686 infeasible   52        49.00000   20.00000  59.2%  24.6 4035s
 31175600 73697   20.00000   58   21   49.00000   20.00000  59.2%  24.6 4040s
 31215096 72983   20.00000   51   29   49.00000   20.00000  59.2%  24.6 4045s
 31248049 72211   20.00000   62   21   49.00000   20.00000  59.2%  24.6 4050s
 31280727 71819   20.00000   63   29   49.00000   20.00000  59.2%  24.6 4055s
 31312901 71096 infeasible   45        49.00000   20.00000  59.2%  24.6 4060s
 31339677 70534   20.00000   51   34   49.00000   20.00000  59.2%  24.6 4065s
 31369012 70402   20.00000   54   30   49.00000   20.00000  59.2%  24.6 4070s
 31399572 70063 infeasible   57        49.00000   20.00000  59.2%  24.7 4075s
 31431388 69408 infeasible   62        49.00000   20.00000  59.2%  24.7 4080s
 31464963 68506 infeasible   54        49.00000   20.00000  59.2%  24.7 4085s
 31497999 67688   20.00000   51   31   49.00000   20.00000  59.2%  24.7 4090s
 31531160 67087   20.00000   50   30   49.00000   20.00000  59.2%  24.7 4095s
 31566852 67084   20.00000   56   28   49.00000   20.00000  59.2%  24.7 4100s
 31603992 66784 infeasible   61        49.00000   20.00000  59.2%  24.7 4105s
 31639343 65930 infeasible   53        49.00000   20.00000  59.2%  24.7 4110s
 31669416 66106   20.00000   57   24   49.00000   20.00000  59.2%  24.7 4115s
 31698511 65921   20.00000   50   15   49.00000   20.00000  59.2%  24.7 4120s
 31728027 65998 infeasible   64        49.00000   20.00000  59.2%  24.7 4125s
 31763240 66793 infeasible   60        49.00000   20.00000  59.2%  24.7 4130s
 31809841 66621     cutoff   62        49.00000   20.00000  59.2%  24.7 4135s
 31863498 66409     cutoff   60        49.00000   20.00000  59.2%  24.7 4140s
 31915236 66376   20.00000   64   26   49.00000   20.00000  59.2%  24.7 4145s
 31961046 66344     cutoff   69        49.00000   20.00000  59.2%  24.7 4150s
 32012870 66657   20.00000   53   20   49.00000   20.00000  59.2%  24.7 4155s
 32071663 66327     cutoff   58        49.00000   20.00000  59.2%  24.6 4160s
 32122374 66072   20.00000   55   18   49.00000   20.00000  59.2%  24.6 4165s
 32162950 66089   20.00000   52   28   49.00000   20.00000  59.2%  24.6 4170s
 32205130 65923   20.00000   50   34   49.00000   20.00000  59.2%  24.6 4175s
 32240245 65238   20.00000   54   34   49.00000   20.00000  59.2%  24.6 4180s
 32272833 64895 infeasible   53        49.00000   20.00000  59.2%  24.6 4185s
 32306456 63363   20.00000   49   32   49.00000   20.00000  59.2%  24.6 4190s
 32338078 62843 infeasible   49        49.00000   20.00000  59.2%  24.6 4195s
 32356754 62687   20.00000   46   33   49.00000   20.00000  59.2%  24.7 4200s
 32385901 62433   20.00000   48   21   49.00000   20.00000  59.2%  24.7 4205s
 32415925 62188 infeasible   61        49.00000   20.00000  59.2%  24.7 4210s
 32444072 61882   20.00000   49   20   49.00000   20.00000  59.2%  24.7 4215s
 32473495 61260   20.00000   54   36   49.00000   20.00000  59.2%  24.7 4220s
 32505263 60559 infeasible   71        49.00000   20.00000  59.2%  24.7 4225s
 32532646 60719   20.00000   52   34   49.00000   20.00000  59.2%  24.7 4230s
 32562359 61116   20.00000   63   21   49.00000   20.00000  59.2%  24.7 4235s
 32588573 60905   20.00000   44   28   49.00000   20.00000  59.2%  24.7 4240s
 32617397 60645   20.00000   49   30   49.00000   20.00000  59.2%  24.8 4245s
 32666752 61273   20.00000   62   12   49.00000   20.00000  59.2%  24.7 4250s
 32720093 60951   20.00000   56   20   49.00000   20.00000  59.2%  24.7 4255s
 32777677 60804   20.00000   61   21   49.00000   20.00000  59.2%  24.7 4260s
 32827323 60521   20.00000   52   37   49.00000   20.00000  59.2%  24.7 4265s
 32882833 60746 infeasible   48        49.00000   20.00000  59.2%  24.7 4270s
 32943953 60591     cutoff   60        49.00000   20.00000  59.2%  24.7 4275s
 32986859 60569   20.00000   62   22   49.00000   20.00000  59.2%  24.6 4280s
 33025208 60133 infeasible   50        49.00000   20.00000  59.2%  24.6 4285s
 33056980 59848   20.00000   51   16   49.00000   20.00000  59.2%  24.7 4290s
 33090858 59804   20.00000   56   30   49.00000   20.00000  59.2%  24.7 4295s
 33124568 59216 infeasible   60        49.00000   20.00000  59.2%  24.7 4300s
 33152625 58861 infeasible   61        49.00000   20.00000  59.2%  24.7 4305s
 33187026 59758 infeasible   43        49.00000   20.00000  59.2%  24.7 4310s
 33237153 60076     cutoff   53        49.00000   20.00000  59.2%  24.7 4315s
 33285004 60055 infeasible   48        49.00000   20.00000  59.2%  24.7 4320s
 33332302 60088     cutoff   59        49.00000   20.00000  59.2%  24.6 4325s
 33392903 60003   20.00000   54   26   49.00000   20.00000  59.2%  24.6 4330s
 33446046 59920   20.00000   53   23   49.00000   20.00000  59.2%  24.6 4335s
 33496337 59719   20.00000   51   22   49.00000   20.00000  59.2%  24.6 4340s
 33537329 59732   20.00000   52   30   49.00000   20.00000  59.2%  24.6 4345s
 33586473 59646   20.00000   59   25   49.00000   20.00000  59.2%  24.6 4350s
 33639944 59628     cutoff   61        49.00000   20.00000  59.2%  24.5 4355s
 33688343 59707   20.00000   48   31   49.00000   20.00000  59.2%  24.5 4360s
 33723979 59525   20.00000   47   32   49.00000   20.00000  59.2%  24.5 4365s
 33767195 60264   20.00000   54   19   49.00000   20.00000  59.2%  24.5 4370s
 33824631 60628   20.00000   56   27   49.00000   20.00000  59.2%  24.5 4375s
 33882819 60108   20.00000   54   19   49.00000   20.00000  59.2%  24.5 4380s
 33937182 59820 infeasible   47        49.00000   20.00000  59.2%  24.5 4385s
 33993646 59652   20.00000   53   32   49.00000   20.00000  59.2%  24.4 4390s
 34029744 59699 infeasible   48        49.00000   20.00000  59.2%  24.4 4395s
 34066920 59783   20.00000   61   23   49.00000   20.00000  59.2%  24.4 4400s
 34104704 59890   20.00000   47   37   49.00000   20.00000  59.2%  24.4 4405s
 34142365 59413 infeasible   50        49.00000   20.00000  59.2%  24.4 4410s
 34194908 59566   20.00000   56   31   49.00000   20.00000  59.2%  24.4 4415s
 34250574 59643     cutoff   54        49.00000   20.00000  59.2%  24.4 4420s
 34306028 59629 infeasible   46        49.00000   20.00000  59.2%  24.4 4425s
 34357642 59511   20.00000   53   25   49.00000   20.00000  59.2%  24.4 4430s
 34405544 59249   20.00000   49   24   49.00000   20.00000  59.2%  24.4 4435s
 34444250 59301 infeasible   46        49.00000   20.00000  59.2%  24.4 4440s
 34492885 59740   20.00000   58   28   49.00000   20.00000  59.2%  24.3 4445s
 34539888 59499   20.00000   52   18   49.00000   20.00000  59.2%  24.3 4450s
 34587094 59231     cutoff   50        49.00000   20.00000  59.2%  24.3 4455s
 34635741 58997   20.00000   46   43   49.00000   20.00000  59.2%  24.3 4460s
 34668493 58983   20.00000   48   41   49.00000   20.00000  59.2%  24.3 4465s
 34696718 59392 infeasible   56        49.00000   20.00000  59.2%  24.3 4470s
H34701935 59429                      49.0000000   20.00000  59.2%  24.3 4471s
 34724025 59413 infeasible   48        49.00000   20.00000  59.2%  24.3 4475s
 34753899 59497 infeasible   56        49.00000   20.00000  59.2%  24.4 4480s
 34782837 59207 infeasible   45        49.00000   20.00000  59.2%  24.4 4485s
 34813542 59369 infeasible   55        49.00000   20.00000  59.2%  24.4 4490s
 34843079 58994 infeasible   53        49.00000   20.00000  59.2%  24.4 4495s
 34873630 58519 infeasible   49        49.00000   20.00000  59.2%  24.4 4500s
 34905888 57342   20.00000   44   28   49.00000   20.00000  59.2%  24.4 4505s
 34937441 56465 infeasible   52        49.00000   20.00000  59.2%  24.4 4510s
 34972492 55430   20.00000   56   23   49.00000   20.00000  59.2%  24.4 4515s
 35003978 55006   20.00000   49   36   49.00000   20.00000  59.2%  24.4 4520s
 35037908 54380   20.00000   48   29   49.00000   20.00000  59.2%  24.4 4525s
 35066954 54494   20.00000   58   26   49.00000   20.00000  59.2%  24.4 4530s
 35090410 54557 infeasible   62        49.00000   20.00000  59.2%  24.4 4535s
 35116419 54439 infeasible   53        49.00000   20.00000  59.2%  24.5 4540s
 35143332 54443 infeasible   44        49.00000   20.00000  59.2%  24.5 4545s
 35173704 54376   20.00000   58   22   49.00000   20.00000  59.2%  24.5 4550s
 35227691 54369   20.00000   56   24   49.00000   20.00000  59.2%  24.5 4555s
 35275080 54005 infeasible   49        49.00000   20.00000  59.2%  24.5 4560s
 35309154 52764     cutoff   59        49.00000   20.00000  59.2%  24.5 4565s
 35338748 51700   20.00000   48   14   49.00000   20.00000  59.2%  24.5 4570s
 35375228 51502   20.00000   54   24   49.00000   20.00000  59.2%  24.5 4575s
 35412289 51570   20.00000   43   27   49.00000   20.00000  59.2%  24.5 4580s
 35447738 50685   20.00000   67   30   49.00000   20.00000  59.2%  24.5 4585s
 35480318 50483 infeasible   49        49.00000   20.00000  59.2%  24.5 4590s
 35511447 50425   20.00000   49   27   49.00000   20.00000  59.2%  24.5 4595s
 35543258 50240 infeasible   52        49.00000   20.00000  59.2%  24.5 4600s
 35575689 49506 infeasible   54        49.00000   20.00000  59.2%  24.5 4605s
 35606902 48751 infeasible   49        49.00000   20.00000  59.2%  24.5 4610s
H35628585 48513                      49.0000000   20.00000  59.2%  24.5 4613s
 35634899 48351 infeasible   47        49.00000   20.00000  59.2%  24.5 4615s
 35666066 48072   20.00000   44   28   49.00000   20.00000  59.2%  24.5 4620s
 35700203 47797   20.00000   61   31   49.00000   20.00000  59.2%  24.5 4625s
 35731486 47058 infeasible   42        49.00000   20.00000  59.2%  24.6 4630s
 35765396 46076 infeasible   43        49.00000   20.00000  59.2%  24.6 4635s
 35796477 45737 infeasible   58        49.00000   20.00000  59.2%  24.6 4640s
 35828755 45395   20.00000   52   36   49.00000   20.00000  59.2%  24.6 4645s
 35862483 44984 infeasible   51        49.00000   20.00000  59.2%  24.6 4650s
 35900490 44648 infeasible   55        49.00000   20.00000  59.2%  24.6 4655s
 35933842 43471 infeasible   44        49.00000   20.00000  59.2%  24.6 4660s
 36014549 37750   39.00000   65   20   49.00000   39.00000  20.4%  24.5 4665s
 36103320 31432   39.00000   48   28   49.00000   39.00000  20.4%  24.5 4670s
H36180808 25770                      49.0000000   39.00000  20.4%  24.5 4674s
 36182308 25598     cutoff   60        49.00000   39.00000  20.4%  24.5 4675s
 36262910 17112     cutoff   55        49.00000   39.00000  20.4%  24.4 4680s
 36347856  7998     cutoff   59        49.00000   39.00000  20.4%  24.4 4685s

Cutting planes:
  Learned: 5
  Gomory: 2
  Implied bound: 7
  Projected implied bound: 2
  MIR: 7
  Mixing: 2
  Flow cover: 63
  RLT: 3
  Relax-and-lift: 3
  BQP: 2

Explored 36416177 nodes (886130136 simplex iterations) in 4689.12 seconds (8900.52 work units)
Thread count was 8 (of 192 available processors)

Solution count 10: 49 49 49 ... 131

Optimal solution found (tolerance 1.00e-04)
Best objective 4.900000000000e+01, best bound 4.900000000000e+01, gap 0.0000%

User-callback calls 75979818, time in user-callback 9.37 sec

AVANT CALCUL DES AUTRES INDICATEURS
Obj_rho = 33
Obj_lambda = 1
Obj_phi = 0
AVANT CALCUL DES AUTRES INDICATEURS
Obj_rho = 33
Obj_lambda = 1
Obj_phi = 0
✅ Solution trouvée (status: OPTIMAL)
🎯 Objective global: 49.0
⏱️ Time used: 4689.12
Nombre de vols satisfaits: 196
Nombre de vols non satisfaits: 0

✈️ Paths for each aircraft:

🛩️ Aircraft N607AS path (32 nodes): s_(u=0, v=0, w=0) ➡️  N607AS_(u=3313, v=28, w=6) ➡️  ANC_SEA_162_428_(u=3487, v=29, w=6) ➡️  SEA_ANC_582_739_(u=3681, v=30, w=6) ➡️  ANC_SEA_1062_1344_(u=3869, v=31, w=6) ➡️  SEA_SLC_1846_2021_(u=3965, v=32, w=7) ➡️  SLC_SEA_2122_2206_(u=4066, v=33, w=7) ➡️  SEA_SBA_2265_2429_(u=4197, v=34, w=7) ➡️  SBA_SEA_2482_2633_(u=4313, v=35, w=7) ➡️  SEA_PDX_2732_2790_(u=4342, v=36, w=7) ➡️  PDX_SEA_3178_3252_(u=4378, v=37, w=8) ➡️  SEA_LAS_3342_3511_(u=4506, v=38, w=8) ➡️  LAS_SEA_3563_3728_(u=4641, v=39, w=8) ➡️  SEA_LAS_3857_4005_(u=4765, v=40, w=8) ➡️  LAS_SEA_4086_4272_(u=4909, v=41, w=8) ➡️  SEA_PHX_4668_4915_(u=5046, v=42, w=9) ➡️  PHX_SEA_4965_5107_(u=5221, v=43, w=9) ➡️  SEA_SAN_5176_5324_(u=5346, v=44, w=9) ➡️  SAN_SEA_5397_5572_(u=5498, v=45, w=9) ➡️  SEA_SLC_6187_6360_(u=5590, v=46, w=10) ➡️  SLC_SEA_6449_6557_(u=5702, v=47, w=10) ➡️  SEA_LAX_6651_6804_(u=5824, v=48, w=10) ➡️  LAX_SEA_6863_7042_(u=5977, v=49, w=10) ➡️  SEA_PHX_7626_7841_(u=135, v=1, w=1) ➡️  PHX_SEA_7908_8038_(u=296, v=2, w=1) ➡️  SEA_PHX_8109_8330_(u=432, v=3, w=1) ➡️  PHX_SEA_8407_8537_(u=596, v=4, w=1) ➡️  SEA_ORD_8600_8957_(u=804, v=5, w=1) ➡️  ORD_PDX_9026_9156_(u=1036, v=6, w=2) ➡️  PDX_SEA_9262_9310_(u=1068, v=7, w=2) ➡️  SEA_BOI_9372_9523_(u=1130, v=8, w=2) ➡️  BOI_SEA_9582_9616_(u=1204, v=9, w=2) ➡️  SEA_LIH_9718_9994_(u=1549, v=10, w=2) ➡️  LIH_SAN_10060_10521_(u=1868, v=11, w=2) ➡️  t_(u=0, v=0, w=0)

🛩️ Aircraft N585AS path (26 nodes): s_(u=0, v=0, w=0) ➡️  N585AS_(u=0, v=0, w=1) ➡️  ANC_SEA_137_389_(u=173, v=1, w=1) ➡️  SEA_ANC_479_633_(u=366, v=2, w=1) ➡️  ANC_SEA_715_980_(u=547, v=3, w=1) ➡️  SEA_LAS_1064_1207_(u=657, v=4, w=1) ➡️  LAS_SFO_1317_1401_(u=723, v=5, w=1) ➡️  SFO_ORD_1859_2247_(u=955, v=6, w=2) ➡️  ORD_SFO_2309_2462_(u=1200, v=7, w=2) ➡️  SFO_AUS_2533_2855_(u=1377, v=8, w=2) ➡️  AUS_SFO_3432_3558_(u=1587, v=9, w=3) ➡️  SFO_SEA_3655_3795_(u=1696, v=10, w=3) ➡️  SEA_ATL_3841_4313_(u=1960, v=11, w=3) ➡️  ATL_SEA_4752_4910_(u=2247, v=12, w=4) ➡️  SEA_RDM_4991_5054_(u=2285, v=13, w=4) ➡️  RDM_SEA_5133_5199_(u=2333, v=14, w=4) ➡️  SEA_ANC_5295_5444_(u=2522, v=15, w=4) ➡️  ANC_SEA_5503_5765_(u=2703, v=16, w=4) ➡️  SEA_DAL_6207_6549_(u=2902, v=17, w=5) ➡️  DAL_SEA_6619_6766_(u=3152, v=18, w=5) ➡️  SEA_STL_6837_7194_(u=3351, v=19, w=5) ➡️  STL_SEA_7614_7836_(u=3583, v=20, w=6) ➡️  SEA_PHX_8018_8241_(u=3721, v=21, w=6) ➡️  PHX_ANC_8336_8626_(u=4098, v=22, w=6) ➡️  ANC_SEA_8684_8926_(u=4256, v=23, w=7) ➡️  SEA_SAN_9117_9279_(u=4370, v=24, w=7) ➡️  SAN_MCO_9359_9801_(u=4606, v=25, w=7) ➡️  MCO_SEA_9867_10065_(u=4952, v=26, w=7) ➡️  t_(u=0, v=0, w=0)

🛩️ Aircraft N317AS path (32 nodes): s_(u=0, v=0, w=0) ➡️  N317AS_(u=0, v=0, w=1) ➡️  FAI_SEA_201_455_(u=177, v=1, w=1) ➡️  SEA_LAX_528_675_(u=298, v=2, w=1) ➡️  LAX_SEA_743_917_(u=446, v=3, w=1) ➡️  SEA_SFO_990_1113_(u=549, v=4, w=1) ➡️  SFO_SEA_1177_1307_(u=648, v=5, w=1) ➡️  SEA_ORD_1401_1741_(u=851, v=6, w=1) ➡️  ORD_SEA_1807_1944_(u=1079, v=7, w=2) ➡️  SEA_ANC_2030_2168_(u=1255, v=8, w=2) ➡️  ANC_CDV_2249_2310_(u=1292, v=9, w=2) ➡️  CDV_YAK_2357_2404_(u=1330, v=10, w=2) ➡️  YAK_JNU_2447_2500_(u=1364, v=11, w=2) ➡️  JNU_SEA_2569_2776_(u=1481, v=12, w=2) ➡️  SEA_IAH_2838_3229_(u=1713, v=13, w=2) ➡️  IAH_SEA_3299_3463_(u=1957, v=14, w=3) ➡️  SEA_IAD_3504_3971_(u=2222, v=15, w=3) ➡️  IAD_SEA_4030_4189_(u=2531, v=16, w=3) ➡️  SEA_SMF_4248_4369_(u=2612, v=17, w=3) ➡️  SMF_SEA_4703_4832_(u=2711, v=18, w=4) ➡️  SEA_CLE_4925_5380_(u=2946, v=19, w=4) ➡️  CLE_SEA_5435_5585_(u=3222, v=20, w=4) ➡️  SEA_LAS_6225_6362_(u=3333, v=21, w=5) ➡️  LAS_SEA_6427_6598_(u=3479, v=22, w=5) ➡️  SEA_PHX_6669_6910_(u=3612, v=23, w=5) ➡️  PHX_SEA_6965_7117_(u=3791, v=24, w=5) ➡️  SEA_DFW_7182_7527_(u=3988, v=25, w=5) ➡️  DFW_SEA_7641_7776_(u=4214, v=26, w=6) ➡️  SEA_MCI_7916_8251_(u=4399, v=27, w=6) ➡️  MCI_SEA_8308_8432_(u=4599, v=28, w=6) ➡️  SEA_JNU_8494_8605_(u=4745, v=29, w=6) ➡️  JNU_SEA_9259_9463_(u=4844, v=30, w=7) ➡️  SEA_BUR_9508_9638_(u=4951, v=31, w=7) ➡️  BUR_SEA_9709_9913_(u=5113, v=32, w=7) ➡️  t_(u=0, v=0, w=0)

🛩️ Aircraft N587AS path (30 nodes): s_(u=0, v=0, w=0) ➡️  N587AS_(u=4023, v=34, w=7) ➡️  JNU_SEA_310_514_(u=4139, v=35, w=7) ➡️  SEA_PIT_580_1048_(u=4397, v=36, w=7) ➡️  PIT_SEA_1104_1236_(u=4671, v=37, w=7) ➡️  SEA_SJC_1855_1984_(u=4781, v=38, w=8) ➡️  SJC_SEA_2047_2171_(u=4878, v=39, w=8) ➡️  SEA_SJC_2247_2382_(u=4995, v=40, w=8) ➡️  SJC_SEA_2432_2554_(u=5090, v=41, w=8) ➡️  SEA_ANC_2874_3028_(u=5283, v=42, w=8) ➡️  ANC_SEA_3102_3363_(u=5457, v=43, w=9) ➡️  SEA_ANC_3462_3616_(u=5645, v=44, w=9) ➡️  ANC_JNU_4064_4188_(u=5738, v=45, w=9) ➡️  JNU_SIT_4227_4276_(u=5761, v=46, w=9) ➡️  SIT_JNU_4672_4708_(u=5784, v=47, w=10) ➡️  JNU_ANC_4773_4879_(u=5872, v=48, w=10) ➡️  ANC_BET_4949_5073_(u=5929, v=49, w=10) ➡️  BET_ANC_5111_5186_(u=5990, v=50, w=10) ➡️  ANC_JNU_6410_6511_(u=83, v=1, w=1) ➡️  JNU_PSG_6558_6607_(u=113, v=2, w=1) ➡️  PSG_WRG_6650_6684_(u=129, v=3, w=1) ➡️  WRG_KTN_6726_6760_(u=151, v=4, w=1) ➡️  KTN_SEA_6808_6973_(u=241, v=5, w=1) ➡️  SEA_PDX_7152_7210_(u=270, v=6, w=1) ➡️  PDX_SEA_7495_7564_(u=302, v=7, w=2) ➡️  SEA_LIH_7702_8038_(u=634, v=8, w=2) ➡️  LIH_SEA_8108_8604_(u=974, v=9, w=2) ➡️  SEA_SFO_8995_9134_(u=1062, v=10, w=3) ➡️  SFO_JAC_9215_9444_(u=1211, v=11, w=3) ➡️  JAC_SFO_9493_9582_(u=1323, v=12, w=3) ➡️  SFO_PDX_9628_9744_(u=1419, v=13, w=3) ➡️  PDX_SFO_9826_9943_(u=1494, v=14, w=3) ➡️  t_(u=0, v=0, w=0)

🛩️ Aircraft N284AK path (22 nodes): s_(u=0, v=0, w=0) ➡️  N284AK_(u=0, v=0, w=1) ➡️  PHX_PDX_356_453_(u=138, v=1, w=1) ➡️  PDX_FLL_541_1050_(u=449, v=2, w=1) ➡️  FLL_SFO_1118_1320_(u=802, v=3, w=1) ➡️  SFO_FLL_1383_1870_(u=1079, v=4, w=1) ➡️  FLL_PDX_2018_2231_(u=1440, v=5, w=2) ➡️  PDX_JFK_2322_2828_(u=1728, v=6, w=2) ➡️  JFK_PSP_3414_3583_(u=2053, v=7, w=3) ➡️  PSP_SEA_3697_3873_(u=2207, v=8, w=3) ➡️  SEA_PHX_4087_4345_(u=2343, v=9, w=3) ➡️  PHX_SEA_4706_4849_(u=2522, v=10, w=4) ➡️  SEA_PIT_4922_5383_(u=2766, v=11, w=4) ➡️  PIT_SEA_5447_5576_(u=3054, v=12, w=4) ➡️  SEA_MSP_6233_6559_(u=3225, v=13, w=5) ➡️  MSP_SEA_6615_6760_(u=3423, v=14, w=5) ➡️  SEA_SNA_6813_6972_(u=3550, v=15, w=5) ➡️  SNA_SEA_7009_7192_(u=3704, v=16, w=5) ➡️  SEA_FLL_7746_8300_(u=4024, v=17, w=6) ➡️  FLL_SEA_8359_8570_(u=4383, v=18, w=6) ➡️  SEA_PHX_9068_9279_(u=4516, v=19, w=7) ➡️  PHX_SEA_9344_9480_(u=4685, v=20, w=7) ➡️  SEA_PHX_9550_9765_(u=4821, v=21, w=7) ➡️  PHX_SEA_9831_9982_(u=5004, v=22, w=7) ➡️  t_(u=0, v=0, w=0)

🛩️ Aircraft N320AS path (28 nodes): s_(u=0, v=0, w=0) ➡️  N320AS_(u=0, v=0, w=1) ➡️  SJC_SEA_364_507_(u=106, v=1, w=1) ➡️  SEA_PHX_570_794_(u=247, v=2, w=1) ➡️  PHX_SEA_857_991_(u=412, v=3, w=1) ➡️  SEA_BUR_1045_1181_(u=530, v=4, w=1) ➡️  BUR_SEA_1268_1435_(u=668, v=5, w=1) ➡️  SEA_ORD_1795_2159_(u=878, v=6, w=2) ➡️  ORD_PDX_2215_2349_(u=1113, v=7, w=2) ➡️  PDX_ONT_2434_2569_(u=1235, v=8, w=2) ➡️  ONT_PDX_2628_2754_(u=1346, v=9, w=2) ➡️  PDX_ANC_2866_3034_(u=1549, v=10, w=2) ➡️  ANC_SEA_3168_3438_(u=1731, v=11, w=3) ➡️  SEA_DEN_3550_3770_(u=1867, v=12, w=3) ➡️  DEN_SEA_3827_3928_(u=2006, v=13, w=3) ➡️  SEA_SAN_4005_4151_(u=2127, v=14, w=3) ➡️  SAN_TPA_4795_5235_(u=2360, v=15, w=4) ➡️  TPA_SAN_5307_5449_(u=2648, v=16, w=4) ➡️  SAN_SEA_5512_5695_(u=2802, v=17, w=4) ➡️  SEA_ATL_6289_6758_(u=3068, v=18, w=5) ➡️  ATL_SEA_6839_6970_(u=3359, v=19, w=5) ➡️  SEA_SMF_7089_7200_(u=3445, v=20, w=5) ➡️  SMF_SEA_7553_7682_(u=3541, v=21, w=6) ➡️  SEA_DFW_7967_8313_(u=3739, v=22, w=6) ➡️  DFW_SEA_8423_8562_(u=3971, v=23, w=6) ➡️  SEA_SNA_9008_9175_(u=4082, v=24, w=7) ➡️  SNA_SEA_9239_9448_(u=4267, v=25, w=7) ➡️  SEA_DEN_9579_9790_(u=4397, v=26, w=7) ➡️  DEN_SEA_9846_9966_(u=4552, v=27, w=7) ➡️  SEA_FAI_10053_10220_(u=4756, v=28, w=7) ➡️  t_(u=0, v=0, w=0)

🛩️ Aircraft N277AK path (26 nodes): s_(u=0, v=0, w=0) ➡️  N277AK_(u=0, v=0, w=1) ➡️  SEA_FAT_375_503_(u=113, v=1, w=1) ➡️  FAT_SEA_559_687_(u=221, v=2, w=1) ➡️  SEA_ANC_799_933_(u=399, v=3, w=1) ➡️  ANC_SEA_1660_1931_(u=590, v=4, w=2) ➡️  SEA_IAD_2038_2527_(u=862, v=5, w=2) ➡️  IAD_SEA_2584_2741_(u=1171, v=6, w=2) ➡️  SEA_ANC_3375_3530_(u=1362, v=7, w=3) ➡️  ANC_SEA_3593_3853_(u=1545, v=8, w=3) ➡️  SEA_ONT_3941_4070_(u=1655, v=9, w=3) ➡️  ONT_SEA_4675_4856_(u=1811, v=10, w=4) ➡️  SEA_DCA_4891_5368_(u=2082, v=11, w=4) ➡️  DCA_SEA_5437_5593_(u=2397, v=12, w=4) ➡️  SEA_SMF_5645_5755_(u=2478, v=13, w=4) ➡️  SMF_SEA_6112_6231_(u=2574, v=14, w=5) ➡️  SEA_LIH_6321_6593_(u=2935, v=15, w=5) ➡️  LIH_SEA_6647_7117_(u=3251, v=16, w=5) ➡️  SEA_SNA_7578_7729_(u=3376, v=17, w=6) ➡️  SNA_SEA_7783_7960_(u=3536, v=18, w=6) ➡️  SEA_OAK_8006_8114_(u=3628, v=19, w=6) ➡️  OAK_SEA_8157_8285_(u=3727, v=20, w=6) ➡️  SEA_SMF_8335_8455_(u=3802, v=21, w=6) ➡️  SMF_SEA_8490_8613_(u=3905, v=22, w=6) ➡️  SEA_MSP_9120_9435_(u=4080, v=23, w=7) ➡️  MSP_SEA_9512_9628_(u=4270, v=24, w=7) ➡️  SEA_PHX_9672_9885_(u=4404, v=25, w=7) ➡️  PHX_SEA_9941_10089_(u=4588, v=26, w=7) ➡️  t_(u=0, v=0, w=0)

🛠️ Maintenance at node SEA_PHX_7626_7841 by aircraft N607AS | ρ=23; λ=1; φ=0
🛠️ Maintenance at node ANC_JNU_6410_6511 by aircraft N587AS | ρ=10; λ=0; φ=0

Nombre de maintenances au total: 2.0
Stations de maintenance utilisées: Any["SEA", "ANC"]
Nombre de stations de maintenance utilisées: 2
