
======================= INSTANCE 667FL_20A_16=======================

GRAPH RÉDUCTION : false

Gurobi 13.0.0 (linux64) logging started jeu. 21 mai 2026 09:56:36

Set parameter LogFile to value "RESULTS_WS/A_MTN_12/result_667FL_20A_16_BD_WS.txt"
Set parameter Cuts to value 0

Gurobi 13.0.0 (linux64) logging started jeu. 21 mai 2026 09:56:37

Set parameter LogFile to value "RESULTS_WS/A_MTN_12/result_667FL_20A_16_BD_WS.txt"
Gurobi Optimizer version 13.0.0 build v13.0.0rc1 (linux64 - "Ubuntu 24.04.4 LTS")

CPU model: Intel(R) Core(TM) Ultra 7 255H, instruction set [SSE2|AVX|AVX2]
Thread count: 16 physical cores, 16 logical processors, using up to 8 threads

Non-default parameters:
TimeLimit  18000
FeasibilityTol  1e-09
IntFeasTol  1e-09
Cuts  0
Threads  8
LazyConstraints  1

Optimize a model with 1376 rows, 12378 columns and 37054 nonzeros (Min)
Model fingerprint: 0x2fe728e4
Model has 20 linear objective coefficients
Variable types: 20 continuous, 12358 integer (12358 binary)
Coefficient statistics:
  Matrix range     [1e+00, 1e+00]
  Objective range  [1e+00, 1e+00]
  Bounds range     [0e+00, 0e+00]
  RHS range        [1e+00, 2e+01]
Presolve removed 580 rows and 893 columns
Presolve time: 0.04s
Presolved: 796 rows, 11485 columns, 22914 nonzeros
Variable types: 20 continuous, 11465 integer (11465 binary)

Root relaxation: objective 0.000000e+00, 1786 iterations, 0.03 seconds (0.03 work units)

    Nodes    |    Current Node    |     Objective Bounds      |     Work
 Expl Unexpl |  Obj  Depth IntInf | Incumbent    BestBd   Gap | It/Node Time

     0     0    0.00000    0    -          -    0.00000      -     -    0s
     0     0    0.00000    0    -          -    0.00000      -     -    0s
     0     0    0.00000    0   26          -    0.00000      -     -    0s
     0     0    0.00000    0    -          -    0.00000      -     -    1s
     0     0    0.00000    0    -          -    0.00000      -     -    1s
     0     0    0.00000    0    -          -    0.00000      -     -    1s
     0     0    0.00000    0   21          -    0.00000      -     -    1s
     0     0    0.00000    0   21          -    0.00000      -     -    1s
     0     0    0.00000    0    -          -    0.00000      -     -    1s
     0     0    0.00000    0    -          -    0.00000      -     -    1s
     0     0    0.00000    0    -          -    0.00000      -     -    1s
     0     0    0.00000    0   10          -    0.00000      -     -    1s
     0     2    0.00000    0    7          -    0.00000      -     -    1s
  1019   654   15.00000   18   34          -   15.00000      -   7.5    5s
  4777  2182   15.00000   43   14          -   15.00000      -   8.9   10s
H 4779  2074                    1320.0000000   15.00000  98.9%   8.9   10s
  6364  2689   15.00000   25   16 1320.00000   15.00000  98.9%  13.6   15s
  9410  4131  170.00000  169   29 1320.00000   15.00000  98.9%  14.6   20s
 13718  7799   92.50000  122   24 1320.00000   15.00000  98.9%  14.3   25s
 17364 10730   92.50000   73   44 1320.00000   15.00000  98.9%  13.5   30s
 21049 13791   23.15789   44   72 1320.00000   15.00000  98.9%  14.3   35s
 25088 16452   53.75000   36   30 1320.00000   15.00000  98.9%  14.7   40s
 28392 18733   26.07143   35   66 1320.00000   16.78454  98.7%  14.8   45s
*30958  8144              39     170.0000000   22.04545  87.0%  14.8   49s
 32050  7774   92.50000   44   20  170.00000   26.07143  84.7%  14.7   50s
 35110  7664   53.75000   32   65  170.00000   43.55263  74.4%  14.7   55s
*36421     0              30      50.0000000   50.00000  0.00%  15.0   59s

Cutting planes:
  Lazy constraints: 2975

Explored 36859 nodes (556616 simplex iterations) in 59.85 seconds (28.69 work units)
Thread count was 8 (of 16 available processors)

Solution count 3: 50 170 1320 

Optimal solution found (tolerance 1.00e-04)
Best objective 5.000000000000e+01, best bound 5.000000000000e+01, gap 0.0000%

User-callback calls 79262, time in user-callback 42.88 sec

	BD OBJECTIVE VALUE : 50.0
	BD TIME  :  59.853 seconds

COMPLETE MODEL
Gurobi 13.0.0 (linux64) logging started jeu. 21 mai 2026 09:57:40

Set parameter LogFile to value "RESULTS_WS/A_MTN_12/result_667FL_20A_16_BD_WS.txt"
Set parameter MIPFocus to value 3

Gurobi 13.0.0 (linux64) logging started jeu. 21 mai 2026 09:57:41

Set parameter LogFile to value "RESULTS_WS/A_MTN_12/result_667FL_20A_16_BD_WS.txt"
Gurobi Optimizer version 13.0.0 build v13.0.0rc1 (linux64 - "Ubuntu 24.04.4 LTS")

CPU model: Intel(R) Core(TM) Ultra 7 255H, instruction set [SSE2|AVX|AVX2]
Thread count: 16 physical cores, 16 logical processors, using up to 8 threads

Non-default parameters:
TimeLimit  17940.147
MIPFocus  3
Threads  8

Optimize a model with 33592 rows, 13969 columns and 157414 nonzeros (Min)
Model fingerprint: 0x86069d28
Model has 461 linear objective coefficients
Variable types: 1150 continuous, 12819 integer (12819 binary)
Coefficient statistics:
  Matrix range     [1e+00, 6e+03]
  Objective range  [1e+00, 1e+00]
  Bounds range     [6e+01, 6e+03]
  RHS range        [1e+00, 6e+03]

User MIP start produced solution with objective 50 (0.02s)
Loaded user MIP start with objective 50

Presolve removed 3909 rows and 1388 columns
Presolve time: 1.13s
Presolved: 29683 rows, 12581 columns, 190783 nonzeros
Variable types: 780 continuous, 11801 integer (11799 binary)

Deterministic concurrent LP optimizer: primal and dual simplex (primal and dual model)
Showing primal log only...

Root relaxation presolved: 29681 rows, 12581 columns, 190768 nonzeros

Concurrent spin time: 0.00s

Solved with dual simplex

Root relaxation: objective 1.500000e+01, 2260 iterations, 0.43 seconds (0.36 work units)

    Nodes    |    Current Node    |     Objective Bounds      |     Work
 Expl Unexpl |  Obj  Depth IntInf | Incumbent    BestBd   Gap | It/Node Time

     0     0   15.00000    0  213   50.00000   15.00000  70.0%     -    3s
     0     0   15.00000    0  366   50.00000   15.00000  70.0%     -    6s
     0     0   15.00000    0   45   50.00000   15.00000  70.0%     -   10s
     0     0   15.00000    0   44   50.00000   15.00000  70.0%     -   11s
     0     0   15.00000    0  168   50.00000   15.00000  70.0%     -   13s
     0     0   15.00000    0   71   50.00000   15.00000  70.0%     -   18s
     0     0   15.00000    0  155   50.00000   15.00000  70.0%     -   19s
     0     0   15.00000    0  280   50.00000   15.00000  70.0%     -   21s
     0     0   15.00000    0  103   50.00000   15.00000  70.0%     -   28s
     0     0   15.00000    0  157   50.00000   15.00000  70.0%     -   30s
     0     0   15.00000    0  221   50.00000   15.00000  70.0%     -   33s
     0     0   15.00000    0   73   50.00000   15.00000  70.0%     -   39s
     0     0   15.00000    0   73   50.00000   15.00000  70.0%     -   41s
     0     0   15.00000    0   34   50.00000   15.00000  70.0%     -   45s
     0     2   15.00000    0   33   50.00000   15.00000  70.0%     -   46s
    15    24   15.00000    4  244   50.00000   15.00000  70.0%   262   50s
    31    42   15.00000    4  215   50.00000   15.00000  70.0%   391   56s
    41    65   15.00000    5  192   50.00000   15.00000  70.0%   371   61s
    64    73   15.00000    5  302   50.00000   15.00000  70.0%   302   73s
    72   136   15.00000    6  242   50.00000   15.00000  70.0%   329   91s
   135   816   15.00000    5  275   50.00000   15.00000  70.0%   225  106s
   815  2297   15.00000   85  327   50.00000   15.00000  70.0%   105  117s
  2347  2298   15.00000  124   34   50.00000   15.00000  70.0%  95.0  120s
  2349  2299   15.00000  115  242   50.00000   15.00000  70.0%  95.0  127s
  2350  2300   15.00000  319  111   50.00000   15.00000  70.0%  94.9  137s
H 2350  2184                      50.0000000   15.00000  70.0%  94.9  138s
  2351  2185   15.00000  106  203   50.00000   15.00000  70.0%  94.9  142s
  2352  2185   15.00000  175  152   50.00000   15.00000  70.0%  94.8  156s
  2353  2186   15.00000   59  206   50.00000   15.00000  70.0%  94.8  162s
  2354  2187   15.00000    7   50   50.00000   15.00000  70.0%  94.7  170s
  2356  2188   15.00000  108   58   50.00000   15.00000  70.0%  94.7  179s
  2357  2189   15.00000   55   60   50.00000   15.00000  70.0%  94.6  182s
  2358  2189   15.00000  222   38   50.00000   15.00000  70.0%  94.6  188s
  2359  2190   15.00000   31   60   50.00000   15.00000  70.0%  94.5  198s
  2360  2191   15.00000  124   34   50.00000   15.00000  70.0%  94.5  209s
  2361  2191   15.00000   71   94   50.00000   15.00000  70.0%  94.5  219s
  2362  2192   15.00000   16   45   50.00000   15.00000  70.0%  94.4  224s
  2363  2193   15.00000  168   49   50.00000   15.00000  70.0%  94.4  230s
  2364  2193   15.00000  127   39   50.00000   15.00000  70.0%  94.3  237s
  2365  2194   15.00000  324   55   50.00000   15.00000  70.0%  94.3  248s
  2366  2195   15.00000    6   49   50.00000   15.00000  70.0%  94.3  255s
  2367  2195   15.00000  233   54   50.00000   15.00000  70.0%  94.2  267s
  2368  2196   15.00000   14   27   50.00000   15.00000  70.0%  94.2  276s
  2369  2197   15.00000  117   61   50.00000   15.00000  70.0%  94.1  283s
  2370  2197   15.00000   22   28   50.00000   15.00000  70.0%  94.1  291s
  2371  2198   15.00000  113   28   50.00000   15.00000  70.0%  94.1  298s
  2373  2202   15.00000   11   38   50.00000   15.00000  70.0%   142  300s
  2387  2212   15.00000   14  414   50.00000   15.00000  70.0%   147  306s
  2395  2239     cutoff   15        50.00000   15.00000  70.0%   148  311s
  2427  2263   15.00000   15  146   50.00000   15.00000  70.0%   149  319s
  2462  2307   15.00000   17  161   50.00000   15.00000  70.0%   149  332s
  2517  2645   15.00000   16  121   50.00000   15.00000  70.0%   159  358s
  2876  2774   15.00000   20  174   50.00000   15.00000  70.0%   147  396s
  3127  4167   15.00000   54  189   50.00000   15.00000  70.0%   140  440s
  4648  4960   15.00000  121  203   50.00000   15.00000  70.0%   112  456s
  5997  5392   15.00000   82  268   50.00000   15.00000  70.0%   102  468s
  6913  5600   15.00000  432  258   50.00000   15.00000  70.0%   101  479s
  7467  5877   15.00000  429  291   50.00000   15.00000  70.0%   106  490s
  8017  6413   15.00000  398  348   50.00000   15.00000  70.0%   106  500s
  8790  6546   15.00000  128  219   50.00000   15.00000  70.0%   106  510s
  9210  6570 infeasible  206        50.00000   15.00000  70.0%   107  523s
  9353  6891   15.00000  142  148   50.00000   15.00000  70.0%   111  536s
  9700  7119 infeasible  204        50.00000   15.00000  70.0%   109  547s
  9932  7319     cutoff  126        50.00000   15.00000  70.0%   110  561s
 10134  7731   15.00000  279  204   50.00000   15.00000  70.0%   113  572s
 10546  8355   15.00000  298  165   50.00000   15.00000  70.0%   113  583s
 11180  8591   15.00000  362  252   50.00000   15.00000  70.0%   111  597s
 11438  8967   15.00000  480   44   50.00000   15.00000  70.0%   113  616s
 11859  9233   15.00000  578  198   50.00000   15.00000  70.0%   113  629s
 12137  9541   15.00000  604  281   50.00000   15.00000  70.0%   114  640s
 12624 10093   15.00000  518  131   50.00000   15.00000  70.0%   119  651s
 13287 11125   15.00000  475  109   50.00000   15.00000  70.0%   121  662s
 14373 11119   15.00000  533  213   50.00000   15.00000  70.0%   119  674s
 14429 11116   15.00000  542  271   50.00000   15.00000  70.0%   121  690s
 14638 12234 infeasible  876        50.00000   15.00000  70.0%   122  724s
 15671 12234   15.00000  622  184   50.00000   15.00000  70.0%   123  725s
 15952 13366   15.00000  203   42   50.00000   15.00000  70.0%   125  740s
 17167 13366   15.00000  536  186   50.00000   15.00000  70.0%   125  754s
 17187 13561   15.00000  605  197   50.00000   15.00000  70.0%   126  768s
 17448 13606   15.00000  196  171   50.00000   15.00000  70.0%   127  791s
 17617 13786   15.00000  384  183   50.00000   15.00000  70.0%   129  807s
 17919 14056   15.00000  654  200   50.00000   15.00000  70.0%   132  828s
 18386 14711   15.00000  436  168   50.00000   15.00000  70.0%   137  847s
 19275 15066   15.00000  666  219   50.00000   15.00000  70.0%   142  865s
 19848 15132 infeasible  345        50.00000   15.00000  70.0%   144  881s
 20378 15374   15.00000  405  184   50.00000   15.00000  70.0%   152  901s
 21010 17845   15.00000  723  179   50.00000   15.00000  70.0%   155  923s
 23597 18092   15.00000  168  210   50.00000   15.00000  70.0%   147  942s
 24129 18182 infeasible  412        50.00000   15.00000  70.0%   152  958s
 24441 18392   32.50000  465  268   50.00000   15.00000  70.0%   157  975s
 25183 18616   32.50000  222  222   50.00000   15.00000  70.0%   159  993s
 25517 18685   32.50000  351  306   50.00000   15.00000  70.0%   161 1013s
 25841 18759   15.00000  261  319   50.00000   15.00000  70.0%   162 1036s
 26234 18860   32.50000  228  239   50.00000   15.00000  70.0%   163 1060s
 26545 18971   15.00000  216  265   50.00000   15.00000  70.0%   166 1086s
 26915 19375   15.00000  303  227   50.00000   15.00000  70.0%   170 1106s
 27620 19790   32.50000  236  191   50.00000   15.00000  70.0%   173 1126s
 28406 20970     cutoff  329        50.00000   15.00000  70.0%   176 1148s
 29795 22872   15.00000  169  165   50.00000   15.00000  70.0%   178 1171s
 32054 23098   40.00000  171   51   50.00000   15.00000  70.0%   172 1180s
 32501 24233   15.00000  183  182   50.00000   15.00000  70.0%   173 1189s
 33778 25246   15.00000  396  200   50.00000   15.00000  70.0%   170 1197s
 34797 25770   15.00000  321  157   50.00000   15.00000  70.0%   167 1206s
 35406 25783   32.50000  227  225   50.00000   15.00000  70.0%   167 1218s
 35519 25905   32.50000  184  177   50.00000   15.00000  70.0%   169 1228s
 35748 25992   15.00000  213  224   50.00000   15.00000  70.0%   170 1240s
 35980 26271   15.00000  170   44   50.00000   15.00000  70.0%   172 1252s
 36375 26378 infeasible  259        50.00000   15.00000  70.0%   172 1264s
 36694 26439   15.00000  372  215   50.00000   15.00000  70.0%   174 1283s
 36996 26800   32.50000  187  222   50.00000   15.00000  70.0%   176 1297s
 37495 27464     cutoff  165        50.00000   15.00000  70.0%   177 1318s
 38264 27517   15.00000  162  157   50.00000   15.00000  70.0%   176 1333s
 38366 28073   15.00000  261   37   50.00000   15.00000  70.0%   177 1346s
 38992 28215   15.00000  153  176   50.00000   15.00000  70.0%   177 1361s
 39337 28286   15.00000  178  256   50.00000   15.00000  70.0%   179 1380s
 39613 28679   15.00000  342   72   50.00000   15.00000  70.0%   181 1395s
 40185 29443   15.00000  301  196   50.00000   15.00000  70.0%   181 1410s
 41124 29843     cutoff  135        50.00000   15.00000  70.0%   181 1425s
 41816 29791   15.11735  371  208   50.00000   15.00000  70.0%   182 1439s
 42047 29726     cutoff  394        50.00000   15.00000  70.0%   184 1452s
 42252 29665   15.11735  326  208   50.00000   15.00000  70.0%   187 1468s
 42466 29664   15.11735  194  255   50.00000   15.00000  70.0%   190 1485s
 42880 29705     cutoff  256        50.00000   15.00000  70.0%   191 1501s
 43236 29915     cutoff  257        50.00000   15.00000  70.0%   193 1521s
 43856 30039   15.00000   91   90   50.00000   15.00000  70.0%   196 1539s
 44280 30039   15.00000  166  207   50.00000   15.00000  70.0%   196 1540s
 44437 30196   15.00000  175  202   50.00000   15.00000  70.0%   197 1566s
 44735 30879   15.00000   98  132   50.00000   15.00000  70.0%   198 1630s
 46577 31568   15.00000  127  220   50.00000   15.00000  70.0%   200 1669s
 47549 31572   15.51012  218  303   50.00000   15.00000  70.0%   200 1706s
 47559 31580   15.05491  166  189   50.00000   15.00000  70.0%   200 1740s
 47567 31588   15.05491  141  176   50.00000   15.00000  70.0%   201 1787s
 47575 31596   15.14668  171  227   50.00000   15.00000  70.0%   201 1844s
 47583 31592   15.05491  194  231   50.00000   15.00000  70.0%   202 1896s
 47627 31606   15.05491  161  193   50.00000   15.00000  70.0%   202 1941s
 47972 31568   15.05491  204  209   50.00000   15.00000  70.0%   204 1982s
 48475 31924   15.05491  226  238   50.00000   15.00000  70.0%   208 2025s
 49835 31912   15.11735  185  206   50.00000   15.00000  70.0%   212 2064s
 49895 31912   15.53617  112  176   50.00000   15.00000  70.0%   212 2065s
 50879 31892   15.13409  145  204   50.00000   15.00000  70.0%   216 2105s
 51472 31892   20.58656  195  256   50.00000   15.00000  70.0%   219 2144s
 51490 31892   15.13409  199  243   50.00000   15.00000  70.0%   219 2145s
 52217 31841   15.14668  184  245   50.00000   15.00000  70.0%   223 2202s
 53061 31802   15.14668  162  238   50.00000   15.00000  70.0%   226 2244s
 53072 31802   15.14668  188  261   50.00000   15.00000  70.0%   226 2245s
 53750 31729   15.00000  116  137   50.00000   15.00000  70.0%   230 2286s
 54706 31654   15.14668  117  213   50.00000   15.00000  70.0%   234 2327s
 55696 31565   15.05491  167  189   50.00000   15.00000  70.0%   238 2366s
 56409 31446   15.05491  270  207   50.00000   15.00000  70.0%   242 2407s
 56887 31526   15.05491  396  236   50.00000   15.00000  70.0%   247 2452s
 57182 31527   15.00000  153  223   50.00000   15.00000  70.0%   249 2490s
 57395 31562   15.00000   46  191   50.00000   15.00000  70.0%   249 2545s
 57691 31540   15.00000  101  141   50.00000   15.00000  70.0%   250 2605s
 58350 31565     cutoff   97        50.00000   15.00000  70.0%   251 2651s
 60329 31609   15.00000  103  136   50.00000   15.00000  70.0%   249 2686s
 61183 31652   15.00000  219  226   50.00000   15.00000  70.0%   249 2717s
 62759 31864   15.00000  461  183   50.00000   15.00000  70.0%   248 2739s
 63298 31864   15.00000   41  115   50.00000   15.00000  70.0%   247 2740s
 63633 31982   15.00000  222  202   50.00000   15.00000  70.0%   248 2760s
 64741 32306   15.05491  408  234   50.00000   15.00000  70.0%   246 2780s
 65464 32568 infeasible   38        50.00000   15.00000  70.0%   246 2800s
 66682 32666   15.00000  133  164   50.00000   15.00000  70.0%   244 2819s
 66716 32666   15.00000  143  181   50.00000   15.00000  70.0%   244 2820s
 67654 32634   15.00000   89  141   50.00000   15.00000  70.0%   244 2838s
 68404 32684   15.00000   43  137   50.00000   15.00000  70.0%   244 2856s
 69215 32706   15.00000   87  147   50.00000   15.00000  70.0%   243 2875s
 70324 32728 infeasible   65        50.00000   15.00000  70.0%   242 2893s
 71075 32776   15.00000  204  181   50.00000   15.00000  70.0%   242 2911s
 71903 32807     cutoff   55        50.00000   15.00000  70.0%   241 2930s
 72957 32812   15.00000  142  146   50.00000   15.00000  70.0%   240 2949s
 73870 32760   15.00000  148  176   50.00000   15.00000  70.0%   239 2967s
 74650 32783 infeasible  147        50.00000   15.00000  70.0%   239 2986s
 75570 32817   15.00000  140  151   50.00000   15.00000  70.0%   238 3018s
 77317 32846   15.00000  137  179   50.00000   15.00000  70.0%   236 3035s
 78182 32842   15.00000  145  172   50.00000   15.00000  70.0%   235 3050s
 79013 32845   15.00000  100  109   50.00000   15.00000  70.0%   234 3065s
 79799 32922   20.00000   91  130   50.00000   15.00000  70.0%   234 3080s
 80632 32933   15.00000  153  129   50.00000   15.00000  70.0%   233 3095s
 81438 32950   15.00000  154  186   50.00000   15.00000  70.0%   233 3110s
 82230 32982   15.00000  159  155   50.00000   15.00000  70.0%   232 3125s
 83122 32955 infeasible   58        50.00000   15.00000  70.0%   231 3141s
 83952 32947   15.00000  149  168   50.00000   15.00000  70.0%   231 3156s
 84936 32965     cutoff   64        50.00000   15.00000  70.0%   230 3172s
 85882 32926   15.00000  137  168   50.00000   15.00000  70.0%   229 3186s
 86751 32969   15.00000  136  190   50.00000   15.00000  70.0%   228 3201s
 87423 32998   15.00000  132  150   50.00000   15.00000  70.0%   228 3216s
 88309 33002   15.00000  153  177   50.00000   15.00000  70.0%   227 3229s
 88447 33002   15.00000  144  141   50.00000   15.00000  70.0%   227 3230s
 88924 33031   15.00000  138  154   50.00000   15.00000  70.0%   227 3245s
 89859 33069     cutoff  145        50.00000   15.00000  70.0%   226 3260s
 90665 33098 infeasible  144        50.00000   15.00000  70.0%   225 3290s
 92386 33166   15.00000  143  157   50.00000   15.00000  70.0%   224 3306s
 93156 33187   15.00000  150  187   50.00000   15.00000  70.0%   224 3321s
 94167 33187   15.00000   42  113   50.00000   15.00000  70.0%   223 3335s
 95003 33219     cutoff  149        50.00000   15.00000  70.0%   222 3349s
 95422 33219   15.00000  141  153   50.00000   15.00000  70.0%   221 3350s
 95877 33222     cutoff  154        50.00000   15.00000  70.0%   221 3363s
 96735 33262   15.00000  142  174   50.00000   15.00000  70.0%   220 3378s
 97737 33296     cutoff  154        50.00000   15.00000  70.0%   219 3396s
 98448 33309   15.00000  151  191   50.00000   15.00000  70.0%   219 3414s
 98723 33309 infeasible  158        50.00000   15.00000  70.0%   219 3415s
 98726 33325   15.00000  139  165   50.00000   15.00000  70.0%   219 3428s
 98901 33325 infeasible  151        50.00000   15.00000  70.0%   219 3444s
 99230 33363   15.00000  148  131   50.00000   15.00000  70.0%   218 3479s
 99433 33400   15.00000  135  172   50.00000   15.00000  70.0%   218 3504s
 99641 33401     cutoff  150        50.00000   15.00000  70.0%   218 3530s
 99893 33432     cutoff  150        50.00000   15.00000  70.0%   218 3559s
 100197 33446   15.00000  146  136   50.00000   15.00000  70.0%   217 3576s
 100597 33504   15.00000  152  150   50.00000   15.00000  70.0%   217 3593s
 101211 33561 infeasible  158        50.00000   15.00000  70.0%   217 3612s
 102208 33636     cutoff  167        50.00000   15.00000  70.0%   216 3631s
 103535 33654   15.00000  158  156   50.00000   15.00000  70.0%   215 3648s
 104093 33654   15.00000  148  162   50.00000   15.00000  70.0%   214 3650s
 104644 33685   15.00000  143  175   50.00000   15.00000  70.0%   214 3666s
 105685 33705   15.51852  152  227   50.00000   15.00000  70.0%   213 3696s
 107746 33725   15.00000  156  132   50.00000   15.00000  70.0%   211 3710s
 108537 33752   15.00000   83  116   50.00000   15.00000  70.0%   211 3722s
 109371 33776   15.00000  153  106   50.00000   15.00000  70.0%   210 3735s
 110153 33802   15.00000   36  154   50.00000   15.00000  70.0%   210 3747s
 110848 33831   15.00000  147  153   50.00000   15.00000  70.0%   209 3759s
 111164 33831   15.00000  154  171   50.00000   15.00000  70.0%   209 3760s
 111675 33813   15.00000  143  132   50.00000   15.00000  70.0%   209 3772s
 112534 33792   15.00000  150  144   50.00000   15.00000  70.0%   208 3785s
 113243 33818   15.00450  101  163   50.00000   15.00000  70.0%   208 3798s
 113856 33795   15.00000   55  137   50.00000   15.00000  70.0%   208 3810s
 114425 33745     cutoff  136        50.00000   15.00000  70.0%   207 3823s
 115092 33747     cutoff   90        50.00000   15.00000  70.0%   207 3835s
 115490 33753 infeasible  151        50.00000   15.00000  70.0%   207 3848s
 116350 33708 infeasible   41        50.00000   15.00000  70.0%   207 3862s
 117105 33689   15.00000   38  105   50.00000   15.00000  70.0%   206 3876s
 117785 33667 infeasible  238        50.00000   15.00000  70.0%   206 3888s
 118057 33645   15.00000  215  150   50.00000   15.00000  70.0%   206 3902s
 118816 33627   15.23248  152  243   50.00000   15.00000  70.0%   206 3916s
 119390 33578     cutoff  134        50.00000   15.00000  70.0%   206 3931s
 120018 33542   15.00000  150  139   50.00000   15.00000  70.0%   206 3946s
 120778 33503   15.00000  149  161   50.00000   15.00000  70.0%   206 3961s
 121246 33485   15.00000  149  166   50.00000   15.00000  70.0%   206 3976s
 121851 33491   15.00000  146  171   50.00000   15.00000  70.0%   206 3990s
 122635 33457   20.00000  162  142   50.00000   15.00000  70.0%   206 4006s
 123296 33428   32.50000  216  147   50.00000   15.00000  70.0%   206 4022s
 124001 33446   15.00000   37  123   50.00000   15.00000  70.0%   206 4036s
 124487 33480   15.00000  149  164   50.00000   15.00000  70.0%   206 4052s
 125301 33498 infeasible  154        50.00000   15.00000  70.0%   205 4080s
 126608 33489   15.00000   33   95   50.00000   15.00000  70.0%   205 4097s
 127110 33500 infeasible   45        50.00000   15.00000  70.0%   205 4115s
 128149 33513   15.00000   48   88   50.00000   15.00000  70.0%   205 4133s
 128789 33513 infeasible   29        50.00000   15.00000  70.0%   205 4135s
 129006 33529   15.00000   91  147   50.00000   15.00000  70.0%   205 4150s
 129551 33566   15.00000  231  245   50.00000   15.00000  70.0%   205 4169s
 130204 33566     cutoff   42        50.00000   15.00000  70.0%   205 4170s
 130358 33566   15.20502   30  131   50.00000   15.00000  70.0%   205 4186s
 131123 33636 infeasible  144        50.00000   15.00000  70.0%   205 4205s
 132030 33965 infeasible  323        50.00000   15.00000  70.0%   204 4223s
 133205 33964   15.00000   99  162   50.00000   15.00000  70.0%   204 4241s
 133830 34073   15.00000  224  201   50.00000   15.00000  70.0%   204 4258s
 134357 34061   15.00000  152  151   50.00000   15.00000  70.0%   204 4276s
 134973 34092   15.00000   47  118   50.00000   15.00000  70.0%   204 4294s
 135464 34092     cutoff  109        50.00000   15.00000  70.0%   204 4295s
 135504 34146   15.20502  146  178   50.00000   15.00000  70.0%   204 4313s
 136354 34160   15.00000  156  157   50.00000   15.00000  70.0%   204 4332s
 137064 34235 infeasible  132        50.00000   15.00000  70.0%   204 4351s
 137943 34255 infeasible  102        50.00000   15.00000  70.0%   204 4370s
 138658 34325     cutoff  256        50.00000   15.00000  70.0%   204 4389s
 138888 34325   15.00000  265  245   50.00000   15.00000  70.0%   204 4390s
 139478 34403 infeasible  252        50.00000   15.00000  70.0%   204 4410s
 140321 34509   15.00000   28  104   50.00000   15.00000  70.0%   204 4436s
 141431 34624   15.00000   43  149   50.00000   15.00000  70.0%   204 4454s
 142172 34674     cutoff   56        50.00000   15.00000  70.0%   204 4475s
 142399 34762   15.00000   59  126   50.00000   15.00000  70.0%   204 4496s
 142918 34865   15.00000   48  144   50.00000   15.00000  70.0%   204 4519s
 143258 34865     cutoff   57        50.00000   15.00000  70.0%   204 4520s
 143728 34947     cutoff  264        50.00000   15.00000  70.0%   204 4545s
 144449 35004   15.00000   58  114   50.00000   15.00000  70.0%   204 4576s
 145120 35103   15.00000  276  216   50.00000   15.00000  70.0%   205 4613s
 145990 35150   15.00000  279  225   50.00000   15.00000  70.0%   205 4651s
 146906 35214   15.00000   56  117   50.00000   15.00000  70.0%   205 4677s
 147815 35288   15.00000   50  125   50.00000   15.00000  70.0%   205 4703s
 148645 35288   15.00000   54  121   50.00000   15.00000  70.0%   205 4705s
 148977 35373   15.00000   43  135   50.00000   15.00000  70.0%   205 4729s
 149370 35373   15.00000  126  140   50.00000   15.00000  70.0%   205 4730s
 150014 35438   15.00000  283  199   50.00000   15.00000  70.0%   205 4754s
 150501 35438   15.00000   32  114   50.00000   15.00000  70.0%   205 4755s
 151113 35451   15.00000   61  159   50.00000   15.00000  70.0%   205 4777s
 151837 35485   15.00000  145  159   50.00000   15.00000  70.0%   206 4802s
 152834 35588   15.00000  109  141   50.00000   15.00000  70.0%   206 4825s
 153920 35615   15.00000  301  238   50.00000   15.00000  70.0%   206 4848s
 154897 35671   15.00000   62  114   50.00000   15.00000  70.0%   206 4874s
 154912 35671   15.00000   50  155   50.00000   15.00000  70.0%   206 4875s
 156026 35738   15.00000  309  231   50.00000   15.00000  70.0%   205 4894s
 156687 35795     cutoff   52        50.00000   15.00000  70.0%   206 4912s
 157562 35799   15.00000  144  141   50.00000   15.00000  70.0%   205 4939s
 157574 35804 infeasible  212        50.00000   15.00000  70.0%   205 4958s
 157585 35815   15.00000   37  152   50.00000   15.00000  70.0%   205 4978s
 157612 35815   15.00000   76  110   50.00000   15.00000  70.0%   206 5002s
 157692 35829   15.00000  108   92   50.00000   15.00000  70.0%   206 5023s
 157877 35824   15.00000  321  212   50.00000   15.00000  70.0%   206 5072s
 158045 35851   15.11735  439  214   50.00000   15.00000  70.0%   206 5117s
 158600 35908   15.00000   44  111   50.00000   15.00000  70.0%   206 5155s
 159387 35926   15.00000  200  150   50.00000   15.00000  70.0%   206 5188s
 160225 35969   15.00000   66  122   50.00000   15.00000  70.0%   206 5218s
 160937 35969   15.05440  200  227   50.00000   15.00000  70.0%   206 5220s
 161368 36050   15.00000  308  268   50.00000   15.00000  70.0%   206 5248s
 162523 36050     cutoff   87        50.00000   15.00000  70.0%   206 5250s
 162667 36110 infeasible   78        50.00000   15.00000  70.0%   206 5276s
 163805 36172   15.00000   51  100   50.00000   15.00000  70.0%   206 5301s
 164850 36281   15.00000  318  237   50.00000   15.00000  70.0%   206 5327s
 166039 36352     cutoff   36        50.00000   15.00000  70.0%   206 5352s
 167042 36386   15.00000   87  179   50.00000   15.00000  70.0%   206 5376s
 168202 36462     cutoff  175        50.00000   15.00000  70.0%   206 5400s
 169153 36577   15.53933   45  141   50.00000   15.00000  70.0%   206 5423s
 170230 36654   15.00000  304  191   50.00000   15.00000  70.0%   206 5450s
 171242 36694   15.00000   17  182   50.00000   15.00000  70.0%   206 5471s
 172184 36713   15.00000   32  131   50.00000   15.00000  70.0%   206 5491s
 173012 36755 infeasible   34        50.00000   15.00000  70.0%   206 5512s
 173916 36756   15.00000  316  242   50.00000   15.00000  70.0%   206 5539s
 173944 36756   15.00000  363  291   50.00000   15.00000  70.0%   206 5540s
 173949 36755   15.53933   45  110   50.00000   15.00000  70.0%   206 5560s
 174052 36759 infeasible  101        50.00000   15.00000  70.0%   206 5583s
 174125 36760   15.00000  176  166   50.00000   15.00000  70.0%   206 5609s
 174224 36754   15.00000   38  139   50.00000   15.00000  70.0%   206 5641s
 174319 36772 infeasible   86        50.00000   15.00000  70.0%   206 5670s
 174627 36803   15.00000   72  144   50.00000   15.00000  70.0%   206 5705s
 174964 36906   15.00000   95  211   50.00000   15.00000  70.0%   207 5735s
 175801 36978     cutoff  169        50.00000   15.00000  70.0%   207 5764s
 176130 36978   15.00000  101  151   50.00000   15.00000  70.0%   207 5765s
 176873 37127   15.00000   28  122   50.00000   15.00000  70.0%   207 5792s
 178230 37244   15.00000   32  119   50.00000   15.00000  70.0%   206 5816s
 179321 37326     cutoff  155        50.00000   15.00000  70.0%   206 5841s
 180309 37434 infeasible  383        50.00000   15.00000  70.0%   206 5864s
 180681 37434   15.00000   35  129   50.00000   15.00000  70.0%   206 5865s
 181262 37567   15.00000  198  275   50.00000   15.00000  70.0%   207 5887s
 182161 37662 infeasible   71        50.00000   15.00000  70.0%   207 5912s
 183269 37769 infeasible  181        50.00000   15.00000  70.0%   207 5935s
 184354 37831   15.00000  192  186   50.00000   15.00000  70.0%   206 5958s
 185164 37899   15.00000   94  151   50.00000   15.00000  70.0%   206 5985s
 186506 37935   15.00000  180  156   50.00000   15.00000  70.0%   206 6003s
 187347 37989   15.00000  332  174   50.00000   15.00000  70.0%   206 6020s
 187965 38120   15.00000  209  189   50.00000   15.00000  70.0%   206 6038s
 188969 38154 infeasible   39        50.00000   15.00000  70.0%   206 6054s
 188983 38154   15.00000   30  105   50.00000   15.00000  70.0%   206 6055s
 189577 38235 infeasible   39        50.00000   15.00000  70.0%   206 6071s
 190372 38283 infeasible   41        50.00000   15.00000  70.0%   206 6089s
 191054 38288   15.00000  107  135   50.00000   15.00000  70.0%   205 6104s
 191102 38288   15.00000  176  142   50.00000   15.00000  70.0%   205 6105s
 191509 38341   15.00000  134  314   50.00000   15.00000  70.0%   206 6123s
 192603 38391   15.00000  324  121   50.00000   15.00000  70.0%   205 6143s
 193462 38389     cutoff   47        50.00000   15.00000  70.0%   205 6160s
 194083 38460   15.00000  158  169   50.00000   15.00000  70.0%   205 6178s
 195059 38709   15.00000   98  173   50.00000   15.00000  70.0%   205 6197s
 196233 38672 infeasible  286        50.00000   15.00000  70.0%   204 6215s
 196741 38721 infeasible  401        50.00000   15.00000  70.0%   205 6231s
 197302 38743   15.00000  149  169   50.00000   15.00000  70.0%   205 6249s
 197937 38769 infeasible  165        50.00000   15.00000  70.0%   205 6266s
 198713 38787   15.00000   97  151   50.00000   15.00000  70.0%   205 6284s
 199108 38787   15.00000   97  118   50.00000   15.00000  70.0%   205 6285s
 199216 38836   15.00000   97  167   50.00000   15.00000  70.0%   205 6301s
 199949 38842 infeasible  440        50.00000   15.00000  70.0%   205 6326s
 200705 38880   15.00000   98  134   50.00000   15.00000  70.0%   205 6355s
 201298 38917   15.11735  313  190   50.00000   15.00000  70.0%   205 6384s
 202140 38953     cutoff  161        50.00000   15.00000  70.0%   205 6415s
 203353 38975   15.00000  155  238   50.00000   15.00000  70.0%   204 6451s
 204160 39009   15.00000  171  212   50.00000   15.00000  70.0%   204 6479s
 204338 39009   15.00000   97  213   50.00000   15.00000  70.0%   204 6480s
 205306 39036   15.20502   45  130   50.00000   15.00000  70.0%   204 6507s
 206280 39030   15.00000  180  249   50.00000   15.00000  70.0%   204 6533s
 207263 39065   15.00000   62  157   50.00000   15.00000  70.0%   204 6558s
 208135 39105     cutoff  161        50.00000   15.00000  70.0%   204 6585s
 209606 39160     cutoff  159        50.00000   15.00000  70.0%   203 6609s
 210638 39185   15.00000  163  115   50.00000   15.00000  70.0%   203 6631s
 211486 39242   15.00000  103  116   50.00000   15.00000  70.0%   203 6654s
 211591 39242   15.00000   94  181   50.00000   15.00000  70.0%   203 6655s
 213081 39260   15.00000   63  103   50.00000   15.00000  70.0%   202 6676s
 214113 39352   15.00000  164  147   50.00000   15.00000  70.0%   202 6696s
 215023 39390     cutoff  175        50.00000   15.00000  70.0%   202 6722s
 215940 39417 infeasible  285        50.00000   15.00000  70.0%   202 6745s
 217058 39411   15.05440  126  247   50.00000   15.00000  70.0%   202 6770s
 217189 39428   15.20623  166  144   50.00000   15.00000  70.0%   202 6792s
 217423 39412     cutoff  106        50.00000   15.00000  70.0%   202 6817s
 217986 39424   15.00000   56  137   50.00000   15.00000  70.0%   202 6873s
 218346 39450   15.00000  139  219   50.00000   15.00000  70.0%   202 6902s
 218994 39475 infeasible  455        50.00000   15.00000  70.0%   202 6954s
 219585 39474   15.00000  148  155   50.00000   15.00000  70.0%   202 6996s
 220709 39491     cutoff  152        50.00000   15.00000  70.0%   202 7029s
 221701 39545 infeasible  285        50.00000   15.00000  70.0%   202 7059s
 221707 39545   15.00000   75  146   50.00000   15.00000  70.0%   202 7060s
 223013 39583   15.00000  402  226   50.00000   15.00000  70.0%   202 7090s
 224288 39644   15.00000  160  154   50.00000   15.00000  70.0%   202 7119s
 225188 39776   15.00000   71  114   50.00000   15.00000  70.0%   202 7146s
 226366 39820   15.00000   44  204   50.00000   15.00000  70.0%   202 7173s
 227274 39921   15.00000   26  161   50.00000   15.00000  70.0%   202 7199s
 227297 39921   15.00000   33  186   50.00000   15.00000  70.0%   202 7200s
 228297 40037 infeasible  278        50.00000   15.00000  70.0%   202 7226s
 229167 40137     cutoff   32        50.00000   15.00000  70.0%   202 7251s
 230213 40132   15.00000   33  162   50.00000   15.00000  70.0%   202 7279s
 230466 40132     cutoff  168        50.00000   15.00000  70.0%   202 7280s
 230981 40160 infeasible  176        50.00000   15.00000  70.0%   202 7306s
 231938 40301   15.00000   27  140   50.00000   15.00000  70.0%   202 7330s
 233125 40391     cutoff   49        50.00000   15.00000  70.0%   202 7352s
 233832 40463   15.00000   38  140   50.00000   15.00000  70.0%   202 7374s
 233880 40463   15.00000  166  241   50.00000   15.00000  70.0%   202 7375s
 234714 40481   15.00000  153  187   50.00000   15.00000  70.0%   202 7397s
 235483 40632   15.00000  198  263   50.00000   15.00000  70.0%   202 7421s
 236304 40715 infeasible  177        50.00000   15.00000  70.0%   202 7444s
 236443 40715   15.00000   54  197   50.00000   15.00000  70.0%   202 7445s
 237171 40739   15.00000  407  148   50.00000   15.00000  70.0%   202 7465s
 237885 40813   15.00000  214  245   50.00000   15.00000  70.0%   202 7488s
 238649 40879     cutoff   95        50.00000   15.00000  70.0%   202 7511s
 239309 40942   15.00000  543  256   50.00000   15.00000  70.0%   203 7536s
 240233 40964   15.00000   40  176   50.00000   15.00000  70.0%   203 7560s
 241130 40981   15.00000  202  167   50.00000   15.00000  70.0%   203 7583s
 241795 41034   15.00000  333  142   50.00000   15.00000  70.0%   203 7607s
 242580 41112 infeasible  475        50.00000   15.00000  70.0%   203 7631s
 243598 41145 infeasible  139        50.00000   15.00000  70.0%   203 7654s
 243617 41145   15.00000  155  163   50.00000   15.00000  70.0%   203 7655s
 244336 41186 infeasible  156        50.00000   15.00000  70.0%   203 7678s
 245142 41269 infeasible  212        50.00000   15.00000  70.0%   203 7703s
 245916 41283   15.00000  197  170   50.00000   15.00000  70.0%   203 7729s
 246060 41283   15.00000   38  148   50.00000   15.00000  70.0%   204 7730s
 246712 41312   15.00000   45  131   50.00000   15.00000  70.0%   204 7755s
 247649 41305   15.00000  436  224   50.00000   15.00000  70.0%   204 7782s
 247758 41309     cutoff  141        50.00000   15.00000  70.0%   204 7823s
 248108 41335   15.00000  263  224   50.00000   15.00000  70.0%   204 7863s
 248385 41333 infeasible  319        50.00000   15.00000  70.0%   204 7918s
 248400 41339   15.00000  172  177   50.00000   15.00000  70.0%   204 7970s
 248410 41375   15.00000   52  149   50.00000   15.00000  70.0%   204 8023s
 248688 41423 infeasible  215        50.00000   15.00000  70.0%   204 8078s
 249716 41415   15.00000   45  142   50.00000   15.00000  70.0%   204 8118s
 250746 41460 infeasible   45        50.00000   15.00000  70.0%   204 8165s
 252159 41500     cutoff  210        50.00000   15.00000  70.0%   204 8200s
 253306 41544     cutoff  302        50.00000   15.00000  70.0%   204 8234s
 254482 41597   15.00000  208  155   50.00000   15.00000  70.0%   204 8266s
 255560 41589     cutoff  156        50.00000   15.00000  70.0%   204 8297s
 256559 41556   15.00000  250  269   50.00000   15.00000  70.0%   204 8328s
 256936 41556   15.00000  460  266   50.00000   15.00000  70.0%   204 8330s
 257363 41539   15.00000  392  138   50.00000   15.00000  70.0%   204 8361s
 258152 41549   20.11735  404  227   50.00000   15.00000  70.0%   204 8393s
 259115 41591   15.00000  151  162   50.00000   15.00000  70.0%   205 8424s
 259253 41591   15.11735  403  189   50.00000   15.00000  70.0%   205 8425s
 260181 41659   15.11735  412  229   50.00000   15.00000  70.0%   205 8453s
 260776 41745   15.00000   51  155   50.00000   15.00000  70.0%   205 8488s
 261802 41745   15.00000  202  205   50.00000   15.00000  70.0%   205 8490s
 262246 41780 infeasible  153        50.00000   15.00000  70.0%   205 8513s
 263162 41828     cutoff  152        50.00000   15.00000  70.0%   205 8537s
 263884 41856   15.00000  204  200   50.00000   15.00000  70.0%   205 8561s
 264743 41888 infeasible   58        50.00000   15.00000  70.0%   205 8585s
 265654 41873 infeasible  151        50.00000   15.00000  70.0%   205 8609s
 265814 41873   15.00000   53  140   50.00000   15.00000  70.0%   205 8610s
 266472 41940     cutoff  207        50.00000   15.00000  70.0%   205 8633s
 267476 41965     cutoff  207        50.00000   15.00000  70.0%   205 8656s
 268331 42031 infeasible  234        50.00000   15.00000  70.0%   205 8679s
 268691 42031     cutoff  147        50.00000   15.00000  70.0%   205 8680s
 269025 42027   15.00000  200  133   50.00000   15.00000  70.0%   205 8702s
 269876 42046   15.00000   86  143   50.00000   15.00000  70.0%   205 8726s
 270849 42102     cutoff  204        50.00000   15.00000  70.0%   205 8749s
 271345 42102   15.00000   97  126   50.00000   15.00000  70.0%   205 8750s
 271932 42151   15.00000   80  155   50.00000   15.00000  70.0%   205 8773s
 272896 42178   15.00000   43  180   50.00000   15.00000  70.0%   205 8797s
 273976 42220   15.00000   80  146   50.00000   15.00000  70.0%   205 8820s
 274928 42239     cutoff   55        50.00000   15.00000  70.0%   205 8847s
 275986 42244   15.00000   58  170   50.00000   15.00000  70.0%   205 8868s
 277010 42267   15.00000   72  153   50.00000   15.00000  70.0%   204 8889s
 277436 42267   15.00000   95  141   50.00000   15.00000  70.0%   204 8890s
 277963 42269   15.00000  183  211   50.00000   15.00000  70.0%   204 8911s
 278087 42271 infeasible  187        50.00000   15.00000  70.0%   204 8929s
 278301 42271   15.00000  152  129   50.00000   15.00000  70.0%   204 8930s
 278439 42293   15.00000   90  125   50.00000   15.00000  70.0%   204 8950s
 279126 42320 infeasible  323        50.00000   15.00000  70.0%   204 8971s
 279687 42340     cutoff   93        50.00000   15.00000  70.0%   204 8994s
 280380 42368   15.00000   87  173   50.00000   15.00000  70.0%   204 9043s
 280827 42407   15.00000  211  202   50.00000   15.00000  70.0%   204 9068s
 281741 42437   15.00000  144  132   50.00000   15.00000  70.0%   204 9095s
 282603 42411     cutoff  214        50.00000   15.00000  70.0%   204 9134s
 283104 42411   15.00000   99  110   50.00000   15.00000  70.0%   204 9135s
 283391 42455   15.00000   86  197   50.00000   15.00000  70.0%   203 9156s
 284306 42475   15.11735  208  240   50.00000   15.00000  70.0%   203 9182s
 285050 42467     cutoff  151        50.00000   15.00000  70.0%   203 9207s
 285929 42632   15.00000   87  160   50.00000   15.00000  70.0%   203 9243s
 286981 42598   30.00000  112  138   50.00000   15.00000  70.0%   203 9266s
 287783 42609 infeasible  233        50.00000   15.00000  70.0%   203 9291s
 288461 42652 infeasible  268        50.00000   15.00000  70.0%   203 9318s
 289244 42691   15.00000   54  199   50.00000   15.00000  70.0%   203 9343s
 289981 42850   15.00000   63  189   50.00000   15.00000  70.0%   203 9370s
 291045 42895   15.00000   95  180   50.00000   15.00000  70.0%   203 9394s
 291510 42895   15.00000   94  188   50.00000   15.00000  70.0%   203 9395s
 291766 42973   15.00000  105  136   50.00000   15.00000  70.0%   203 9415s
 292574 43041 infeasible   88        50.00000   15.00000  70.0%   203 9437s
 293071 43042   15.00000  117  191   50.00000   15.00000  70.0%   204 9459s
 293650 43042   15.00000  102  165   50.00000   15.00000  70.0%   204 9460s
 293678 43093   15.00000  103  174   50.00000   15.00000  70.0%   204 9483s
 294494 43142   15.00000  353  145   50.00000   15.00000  70.0%   204 9508s
 295422 43164   32.50000   93  172   50.00000   15.00000  70.0%   204 9531s
 296020 43228   15.00000  107  152   50.00000   15.00000  70.0%   204 9556s
 297016 43282   15.00000  111  112   50.00000   15.00000  70.0%   204 9581s
 297836 43337   15.00000  100  160   50.00000   15.00000  70.0%   204 9606s
 298620 43310   15.05186  104  143   50.00000   15.00000  70.0%   204 9630s
 299189 43341     cutoff  328        50.00000   15.00000  70.0%   204 9656s
 299881 43371 infeasible  101        50.00000   15.00000  70.0%   204 9688s
 300183 43380     cutoff  115        50.00000   15.00000  70.0%   204 9718s
 300599 43419   15.00000   24  124   50.00000   15.00000  70.0%   204 9747s
 301086 43433   25.00000  173  138   50.00000   15.00000  70.0%   204 9788s
 301384 43419 infeasible  212        50.00000   15.00000  70.0%   205 9819s
 301470 43419   15.00000  110  165   50.00000   15.00000  70.0%   205 9820s
 301810 43439   49.20455  117  169   50.00000   15.00000  70.0%   205 9850s
 302336 43492   15.00000  550  171   50.00000   15.00000  70.0%   205 9892s
 302856 43500   15.00000  429  172   50.00000   15.00000  70.0%   205 9929s
 302976 43518   15.00000  100  240   50.00000   15.00000  70.0%   205 10015s
 303192 43543   15.00000   99  164   50.00000   15.00000  70.0%   205 10048s
 303455 43578   15.20502   99  187   50.00000   15.00000  70.0%   205 10080s
 304019 43707   15.00000  105  181   50.00000   15.00000  70.0%   205 10115s
 304739 43752   15.00000  101  136   50.00000   15.00000  70.0%   205 10143s
 305377 43824   15.00000   80  144   50.00000   15.00000  70.0%   205 10185s
 306269 43863   15.00000  552  187   50.00000   15.00000  70.0%   205 10231s
 306834 43918     cutoff   94        50.00000   15.00000  70.0%   205 10269s
 307205 43918 infeasible  119        50.00000   15.00000  70.0%   205 10270s
 307957 43972   15.00000   99  165   50.00000   15.00000  70.0%   206 10304s
 308884 44021   15.11735  334  207   50.00000   15.00000  70.0%   206 10338s
 309844 44142   15.00000  101  154   50.00000   15.00000  70.0%   206 10373s
 310779 44142   15.11735  343  190   50.00000   15.00000  70.0%   206 10375s
 311128 44251     cutoff  116        50.00000   15.00000  70.0%   206 10403s
 311725 44251   15.00000  129  248   50.00000   15.00000  70.0%   206 10405s
 312421 44356   15.11735  359  199   50.00000   15.00000  70.0%   206 10434s
 312423 44356   15.00000  201  169   50.00000   15.00000  70.0%   206 10435s
 313600 44482   15.00000  109  171   50.00000   15.00000  70.0%   206 10462s
 314752 44528     cutoff  103        50.00000   15.00000  70.0%   206 10489s
 315634 44594   15.00000  123  165   50.00000   15.00000  70.0%   206 10517s
 316626 44670   15.20623   88  152   50.00000   15.00000  70.0%   206 10544s
 316695 44670   15.00000   31  144   50.00000   15.00000  70.0%   206 10545s
 317569 44704 infeasible  103        50.00000   15.00000  70.0%   206 10571s
 318387 44715     cutoff  109        50.00000   15.00000  70.0%   206 10601s
 318563 44726     cutoff  102        50.00000   15.00000  70.0%   206 10629s
 318726 44726   15.00000  131  273   50.00000   15.00000  70.0%   206 10630s
 318816 44724   15.00000   26  155   50.00000   15.00000  70.0%   206 10662s
 319097 45022     cutoff  122        50.00000   15.00000  70.0%   206 10701s
 319685 45074   15.00000  203  208   50.00000   15.00000  70.0%   206 10742s
 320039 45128     cutoff  136        50.00000   15.00000  70.0%   206 10808s
 320459 45128   15.00000  122  176   50.00000   15.00000  70.0%   206 10810s
 321324 45298     cutoff  121        50.00000   15.00000  70.0%   206 10858s
 323437 45305   15.00000   29  174   50.00000   15.00000  70.0%   206 10888s
 324182 45376   15.00000   41   93   50.00000   15.00000  70.0%   206 10919s
 324709 45376   15.11735  314  196   50.00000   15.00000  70.0%   206 10920s
 325312 45439   15.11735  316  204   50.00000   15.00000  70.0%   206 10947s
 326388 45469 infeasible  116        50.00000   15.00000  70.0%   206 10976s
 327438 45512   15.00000  105  172   50.00000   15.00000  70.0%   206 11004s
 327496 45512   15.03997  196  208   50.00000   15.00000  70.0%   206 11005s
 328345 45619   15.00000   36  120   50.00000   15.00000  70.0%   206 11032s
 329513 45741   15.00000  103  134   50.00000   15.00000  70.0%   206 11058s
 330410 45812   15.00000   36  131   50.00000   15.00000  70.0%   206 11083s
 331211 45846   15.00000  122  172   50.00000   15.00000  70.0%   206 11110s
 332178 45920   15.11735  319  192   50.00000   15.00000  70.0%   206 11137s
 333059 46021   15.00000  203  170   50.00000   15.00000  70.0%   206 11161s
 333863 46171   15.00000  121  198   50.00000   15.00000  70.0%   206 11186s
 334849 46258   15.00000  111  229   50.00000   15.00000  70.0%   206 11214s
 335104 46258   15.11735  400  231   50.00000   15.00000  70.0%   206 11215s
 335643 46330   15.00000  109  169   50.00000   15.00000  70.0%   206 11244s
 335764 46330   15.00000   57  164   50.00000   15.00000  70.0%   206 11245s
 336809 46366     cutoff   63        50.00000   15.00000  70.0%   206 11270s
 337609 46426   15.00000   56  148   50.00000   15.00000  70.0%   206 11295s
 338248 46552   15.00000  114  183   50.00000   15.00000  70.0%   206 11320s
 339184 46583   15.00000   45   95   50.00000   15.00000  70.0%   206 11345s
 339941 46672   15.00000   56  160   50.00000   15.00000  70.0%   206 11371s
 340795 46725   15.00000  122  206   50.00000   15.00000  70.0%   206 11398s
 341708 46802 infeasible  118        50.00000   15.00000  70.0%   206 11424s
 341917 46802   15.00000   60  124   50.00000   15.00000  70.0%   206 11425s
 342579 46893   15.00000   67   85   50.00000   15.00000  70.0%   206 11451s
 343689 46910 infeasible   62        50.00000   15.00000  70.0%   206 11475s
 344393 46975     cutoff  129        50.00000   15.00000  70.0%   206 11499s
 344433 46975   15.26459  120  164   50.00000   15.00000  70.0%   206 11500s
 345075 47047   15.00000   40  162   50.00000   15.00000  70.0%   207 11524s
 345732 47166   15.00000   47  131   50.00000   15.00000  70.0%   207 11548s
 346486 47235   15.00000  135  223   50.00000   15.00000  70.0%   207 11572s
 347234 47358   15.00000   57  126   50.00000   15.00000  70.0%   207 11598s
 347967 47358   15.00000  141  225   50.00000   15.00000  70.0%   207 11600s
 348053 47367   15.20502  149  175   50.00000   15.00000  70.0%   207 11622s
 348818 47408 infeasible  141        50.00000   15.00000  70.0%   207 11649s
 349181 47408   15.00000   68  144   50.00000   15.00000  70.0%   207 11650s
 349688 47408   15.00000  477  210   50.00000   15.00000  70.0%   207 11682s
 349831 47452   15.00000  131  225   50.00000   15.00000  70.0%   207 11830s
 351816 47460   15.00000   51  190   50.00000   15.00000  70.0%   207 11907s
 352171 47515   15.00000  124  137   50.00000   15.00000  70.0%   207 11984s
 353845 47646     cutoff   64        50.00000   15.00000  70.0%   207 12046s
 355407 47728   15.00000  172  147   50.00000   15.00000  70.0%   207 12098s
 356232 47728   15.00000   71  118   50.00000   15.00000  70.0%   207 12100s
 357275 47879   15.00000  119  210   50.00000   15.00000  70.0%   207 12142s
 358554 47961   32.53712   58  125   50.00000   15.00000  70.0%   207 12182s
 359496 48046 infeasible   54        50.00000   15.00000  70.0%   208 12220s
 360422 48081   15.00000  167  184   50.00000   15.00000  70.0%   208 12257s
 361428 48115   15.00000   77  162   50.00000   15.00000  70.0%   208 12296s
 362250 48195   15.00000  712  252   50.00000   15.00000  70.0%   208 12335s
 363221 48248   15.00000  146  173   50.00000   15.00000  70.0%   209 12371s
 364384 48335   15.00000  146  174   50.00000   15.00000  70.0%   209 12399s
 364402 48335   15.00000   73  136   50.00000   15.00000  70.0%   209 12400s
 365308 48350   15.00000  141  144   50.00000   15.00000  70.0%   209 12425s
 365855 48407     cutoff  154        50.00000   15.00000  70.0%   209 12454s
 366577 48420     cutoff   92        50.00000   15.00000  70.0%   209 12483s
 367122 48479 infeasible  160        50.00000   15.00000  70.0%   209 12515s
 368033 48482   15.00000  140  225   50.00000   15.00000  70.0%   210 12552s
 368055 48498   15.00000   61  145   50.00000   15.00000  70.0%   210 12580s
 368309 48511   15.00000  144  149   50.00000   15.00000  70.0%   210 12615s
 368555 48524   15.00000  135  178   50.00000   15.00000  70.0%   210 12686s
 368798 48558 infeasible   99        50.00000   15.00000  70.0%   210 12733s
 369046 48614     cutoff   72        50.00000   15.00000  70.0%   210 12801s
 369491 48648     cutoff  140        50.00000   15.00000  70.0%   210 12858s
 369854 48665   32.50000  307  314   50.00000   15.00000  70.0%   210 12909s
 370078 48705   15.00000  496  256   50.00000   15.00000  70.0%   210 12968s
 370418 48750   18.18182  126  179   50.00000   15.00000  70.0%   211 13052s
 370909 48787   32.50000  344  323   50.00000   15.00000  70.0%   211 13140s
 371444 48881   32.50000  320  286   50.00000   15.00000  70.0%   211 13199s
 371531 48881   15.00000   34  116   50.00000   15.00000  70.0%   211 13200s
 372478 48915   15.00000  144  181   50.00000   15.00000  70.0%   211 13257s
 373970 48965     cutoff  177        50.00000   15.00000  70.0%   211 13308s
 374937 49097 infeasible  155        50.00000   15.00000  70.0%   212 13361s
 376427 49148     cutoff  150        50.00000   15.00000  70.0%   212 13408s
 377271 49148   15.00000  204  174   50.00000   15.00000  70.0%   212 13410s
 377379 49272   15.00000  110  272   50.00000   15.00000  70.0%   212 13458s
 378524 49356   15.00000  370  247   50.00000   15.00000  70.0%   212 13505s
 379754 49414 infeasible  155        50.00000   15.00000  70.0%   213 13538s
 380265 49514   15.00000   20  110   50.00000   15.00000  70.0%   213 13586s
 381732 49519   15.00000   48  151   50.00000   15.00000  70.0%   213 13619s
 382286 49519   15.00000  473  227   50.00000   15.00000  70.0%   213 13620s
 382441 49588   15.00000  157  185   50.00000   15.00000  70.0%   213 13652s
 383082 49612   15.00000  158  200   50.00000   15.00000  70.0%   213 13685s
 383880 49677   15.00000   34  150   50.00000   15.00000  70.0%   213 13720s
 384510 49793   15.00000   41  178   50.00000   15.00000  70.0%   214 13758s
 385470 49873   15.00000  182  175   50.00000   15.00000  70.0%   214 13795s
 386344 49909   15.00000  123  228   50.00000   15.00000  70.0%   214 13830s
 387161 49940   15.00000  120  276   50.00000   15.00000  70.0%   214 13863s
 387806 49994   15.00000  170  207   50.00000   15.00000  70.0%   214 13901s
 388781 50036   15.00000  113  124   50.00000   15.00000  70.0%   214 13938s
 389578 50139   15.00000  299  138   50.00000   15.00000  70.0%   215 13974s
 390370 50139   15.00000  186  196   50.00000   15.00000  70.0%   215 13975s
 390500 50226 infeasible  172        50.00000   15.00000  70.0%   215 14010s
 391420 50277   15.00000   86  157   50.00000   15.00000  70.0%   215 14044s
 391452 50277   15.00000  384  217   50.00000   15.00000  70.0%   215 14045s
 392188 50403 infeasible  182        50.00000   15.00000  70.0%   215 14080s
 393377 50507     cutoff   87        50.00000   15.00000  70.0%   215 14115s
 394391 50633 infeasible  362        50.00000   15.00000  70.0%   215 14147s
 395127 50640 infeasible  370        50.00000   15.00000  70.0%   215 14179s
 395381 50701 infeasible  155        50.00000   15.00000  70.0%   215 14223s
 396155 50753   15.00000  142  154   50.00000   15.00000  70.0%   215 14272s
 396993 50830 infeasible   67        50.00000   15.00000  70.0%   215 14319s
 397831 50858   15.61272  220  290   50.00000   15.00000  70.0%   216 14346s

Cutting planes:
  Learned: 33
  Gomory: 66
  Lift-and-project: 101
  Cover: 2544
  Implied bound: 2806
  Projected implied bound: 53
  Clique: 28
  MIR: 12901
  Mixing: 506
  StrongCG: 19
  Flow cover: 21985
  GUB cover: 329
  Inf proof: 85
  Zero half: 3661
  RLT: 16647
  Relax-and-lift: 18190
  BQP: 418

Explored 398334 nodes (85980233 simplex iterations) in 14347.29 seconds (24550.96 work units)
Thread count was 8 (of 16 available processors)

Solution count 1: 50 

Solve interrupted
Best objective 4.999999999490e+01, best bound 1.500000000000e+01, gap 70.0000%

User-callback calls 2887629, time in user-callback 3.96 sec
