INSTANCE 196FL_7A_7
PREPROCESSING : false
-----------------------INSTANCE 196FL_7A_7--------------------------
Gurobi 12.0.2 (linux64) logging started Sun Nov 30 17:19:01 2025

Set parameter LogFile to value "RESULTS_EXP/A_MTN_2/FH_DY_MEDIAN/result_196FL_7A_7_without_prep.txt"
Set parameter LogToConsole to value 0

Gurobi 12.0.2 (linux64) logging started Sun Nov 30 17:19:04 2025

Set parameter LogFile to value "RESULTS_EXP/A_MTN_2/FH_DY_MEDIAN/result_196FL_7A_7_without_prep.txt"
Gurobi Optimizer version 12.0.2 build v12.0.2rc0 (linux64 - "AlmaLinux 9.6 (Sage Margay)")

CPU model: Intel(R) Xeon(R) 6972P, instruction set [SSE2|AVX|AVX2|AVX512]
Thread count: 192 physical cores, 192 logical processors, using up to 8 threads

Non-default parameters:
TimeLimit  7200
LogToConsole  0
Threads  8

Optimize a model with 6153 rows, 1752 columns and 22852 nonzeros
Model fingerprint: 0x65fc097c
Variable types: 510 continuous, 1242 integer (1142 binary)
Coefficient statistics:
  Matrix range     [1e+00, 6e+03]
  Objective range  [1e+00, 7e+02]
  Bounds range     [1e+01, 6e+03]
  RHS range        [1e+00, 6e+03]
Presolve removed 1984 rows and 651 columns
Presolve time: 0.06s
Presolved: 4169 rows, 1101 columns, 24438 nonzeros
Variable types: 229 continuous, 872 integer (803 binary)

Root relaxation: objective 0.000000e+00, 597 iterations, 0.02 seconds (0.02 work units)

    Nodes    |    Current Node    |     Objective Bounds      |     Work
 Expl Unexpl |  Obj  Depth IntInf | Incumbent    BestBd   Gap | It/Node Time

     0     0    0.00000    0    2          -    0.00000      -     -    0s
H    0     0                    9077.0000000    0.00000   100%     -    0s
H    0     0                    4816.0000000    0.00000   100%     -    0s
H    0     0                    1151.0000000    0.00000   100%     -    0s
     0     0    0.00000    0   14 1151.00000    0.00000   100%     -    0s
     0     0    0.00000    0    3 1151.00000    0.00000   100%     -    0s
     0     0    0.00000    0   12 1151.00000    0.00000   100%     -    0s
     0     0    0.00000    0   12 1151.00000    0.00000   100%     -    0s
H    0     0                    1090.0000000    0.00000   100%     -    0s
     0     0    0.00000    0    3 1090.00000    0.00000   100%     -    0s
     0     0    0.00000    0    6 1090.00000    0.00000   100%     -    0s
     0     0    0.00000    0    6 1090.00000    0.00000   100%     -    0s
H    0     0                    1089.0000000    0.00000   100%     -    0s
     0     0    0.00000    0    4 1089.00000    0.00000   100%     -    0s
     0     0    0.00000    0    4 1089.00000    0.00000   100%     -    0s
H    0     2                     904.0000000    0.00000   100%     -    0s
     0     2    0.00000    0    4  904.00000    0.00000   100%     -    0s
H   34    61                     854.0000000    0.00000   100%  29.9    0s
H  342   364                     396.0000000    0.00000   100%  36.2    0s
H  413   364                     383.0000000    0.00000   100%  35.3    0s
H  413   364                     330.0000000    0.00000   100%  35.3    0s
H  569   653                      87.0000000    0.00000   100%  34.7    1s
H  993   738                      72.0000000    0.00000   100%  34.3    1s
H 1324  1034                      26.0000000    0.00000   100%  31.1    1s
H 4271  1474                      26.0000000    0.00000   100%  30.9    3s
H 5838  1526                      21.0000000    0.00000   100%  44.8    4s
  6346  1442    0.00000   21   41   21.00000    0.00000   100%  47.5    5s
H 6428  1342                      10.0000000    0.00000   100%  47.8    5s
H 6927  1310                       6.0000000    0.00000   100%  49.8    5s
H 8033  1153                       6.0000000    0.00000   100%  55.5    6s
 12930  2024    0.00000   33   11    6.00000    0.00000   100%  68.3   10s
H17221  2423                       4.0000000    0.00000   100%  72.9   13s
H17246  2423                       4.0000000    0.00000   100%  72.9   13s
H17345  2292                       3.0000000    0.00000   100%  72.9   13s
H17450  2164                       3.0000000    0.00000   100%  72.9   13s
 19080  1922    0.00000   59   26    3.00000    0.00000   100%  74.2   15s
 27932  2476 infeasible   76         3.00000    0.00000   100%  77.6   20s
 35992  2993    0.00000   66   17    3.00000    0.00000   100%  80.3   25s
 44761  3825    0.00000   54    3    3.00000    0.00000   100%  82.2   30s
 52315  2769    0.00000   60   19    3.00000    0.00000   100%  83.8   35s
 58741  2966    0.00000   84    5    3.00000    0.00000   100%  87.0   42s
 61654  3106 infeasible   94         3.00000    0.00000   100%  87.5   45s
H61817  3106                       2.9999994    0.00000   100%  87.6   45s
 69221  3448 infeasible   83         3.00000    0.00000   100%  88.8   50s
 78093  3794    0.00000   74   10    3.00000    0.00000   100%  90.5   55s
 86880  4205 infeasible   81         3.00000    0.00000   100%  91.1   60s
 96013  4476 infeasible   83         3.00000    0.00000   100%  92.1   65s
 102979  4857 infeasible   83         3.00000    0.00000   100%  92.9   70s
 112325  5337    0.00000   71   40    3.00000    0.00000   100%  92.8   75s
 120305  5641 infeasible   93         3.00000    0.00000   100%  93.0   80s
 129671  5871 infeasible   84         3.00000    0.00000   100%  93.2   85s
 140111  6007    0.00000   94   15    3.00000    0.00000   100%  92.9   90s
 147929  6179    0.00000   75   32    3.00000    0.00000   100%  93.1   95s
 157205  6332    0.00000   88   14    3.00000    0.00000   100%  93.2  100s
 166214  6485 infeasible   84         3.00000    0.00000   100%  93.1  105s
 176829  6691    0.00000   74    5    3.00000    0.00000   100%  92.4  110s
 187544  6587    0.00000   83   10    3.00000    0.00000   100%  91.5  115s
 195640  6550    0.00000   72   36    3.00000    0.00000   100%  91.1  123s
 206640  6577    0.00000   76   30    3.00000    0.00000   100%  91.1  125s
 215763  6664 infeasible   81         3.00000    0.00000   100%  90.9  130s
 226096  6995 infeasible   81         3.00000    0.00000   100%  91.0  135s
 233878  7239 infeasible   92         3.00000    0.00000   100%  91.1  140s
 243150  7424 infeasible   82         3.00000    0.00000   100%  91.3  145s
 251439  7545    0.00000   84   11    3.00000    0.00000   100%  91.5  150s
 260834  7578 infeasible   92         3.00000    0.00000   100%  91.8  155s
 269270  7593 infeasible   83         3.00000    0.00000   100%  92.0  160s
 278802  7806    0.00000   77   18    3.00000    0.00000   100%  92.4  165s
 288011  8000    0.00000   96   34    3.00000    0.00000   100%  92.6  170s
 295878  8119 infeasible   83         3.00000    0.00000   100%  92.9  175s
 305724  8107    0.00000   80   40    3.00000    0.00000   100%  93.2  180s
 313602  8064 infeasible   85         3.00000    0.00000   100%  93.6  185s
 323420  8026 infeasible   81         3.00000    0.00000   100%  94.1  190s
 333401  8374    0.00000   81   24    3.00000    0.00000   100%  94.1  195s
 342614  8659 infeasible   83         3.00000    0.00000   100%  94.0  200s
 352729  8913    0.00000   89   22    3.00000    0.00000   100%  94.1  205s
 363707  9148 infeasible   74         3.00000    0.00000   100%  93.9  210s
 373842  9322 infeasible   94         3.00000    0.00000   100%  93.7  215s
 382955  9402 infeasible   88         3.00000    0.00000   100%  93.6  220s
 392246  9427 infeasible   94         3.00000    0.00000   100%  93.8  225s
 401266  9351    0.00000   87   25    3.00000    0.00000   100%  93.9  230s
 412060  9219    0.00000   83    4    3.00000    0.00000   100%  94.0  235s
 422275  9318    0.00000   84   18    3.00000    0.00000   100%  93.8  240s
 431226  9291    0.00000   91   18    3.00000    0.00000   100%  93.8  245s
 440662  9292    0.00000   84   10    3.00000    0.00000   100%  93.9  250s
 450183  9159    0.00000   84    6    3.00000    0.00000   100%  94.1  255s
 458903  9081 infeasible   83         3.00000    0.00000   100%  94.3  260s
 467556  9040 infeasible   85         3.00000    0.00000   100%  94.4  265s
 477364  8959    0.00000   88   14    3.00000    0.00000   100%  94.5  270s
 486165  9090 infeasible   84         3.00000    0.00000   100%  94.7  275s
 495904  9398 infeasible   83         3.00000    0.00000   100%  94.7  280s
 505863  9443 infeasible   82         3.00000    0.00000   100%  94.6  285s
 515667  9393 infeasible   90         3.00000    0.00000   100%  94.4  290s
 526243  9300 infeasible   86         3.00000    0.00000   100%  94.4  295s
 535822  9186    0.00000   81   27    3.00000    0.00000   100%  94.3  304s
 544475  9223    0.00000   82   14    3.00000    0.00000   100%  94.5  305s
 551780  9168    0.00000   82   15    3.00000    0.00000   100%  94.4  310s
 562282  9156    0.00000   75   26    3.00000    0.00000   100%  94.5  315s
 572135  9160    0.00000   87   22    3.00000    0.00000   100%  94.5  320s
 581100  9114 infeasible   71         3.00000    0.00000   100%  94.6  325s
 589531  9029    0.00000   83    6    3.00000    0.00000   100%  94.7  330s
 600208  9074    0.00000   83   11    3.00000    0.00000   100%  94.7  335s
 609163  9067    0.00000   74   10    3.00000    0.00000   100%  94.8  340s
 617904  8946 infeasible   83         3.00000    0.00000   100%  94.8  345s
H625721  8912                       2.9999980    0.00000   100%  94.8  349s
 627678  8896 infeasible   93         3.00000    0.00000   100%  94.8  350s
H630624  8857                       2.9999980    0.00000   100%  94.8  352s
 636668  8863    0.00000   82   36    3.00000    0.00000   100%  94.7  355s
 645436  8789 infeasible   83         3.00000    0.00000   100%  94.7  360s
 655199  8775 infeasible   81         3.00000    0.00000   100%  94.8  365s
 665011  8789 infeasible   82         3.00000    0.00000   100%  94.9  370s
 673109  8848 infeasible   84         3.00000    0.00000   100%  94.9  375s
 682077  8894 infeasible   83         3.00000    0.00000   100%  95.0  380s
 691423  9038 infeasible   83         3.00000    0.00000   100%  95.0  385s
 699744  9148 infeasible   80         3.00000    0.00000   100%  95.1  390s
 709377  9298    0.00000   83    1    3.00000    0.00000   100%  95.2  395s
 718789  9386 infeasible   89         3.00000    0.00000   100%  95.2  400s
 727102  9362 infeasible   94         3.00000    0.00000   100%  95.2  405s
 736273  9253 infeasible   89         3.00000    0.00000   100%  95.3  410s
 746916  9233    0.00000   81   43    3.00000    0.00000   100%  95.3  415s
 756258  9188 infeasible   92         3.00000    0.00000   100%  95.3  420s
 765513  9060    0.00000   76   18    3.00000    0.00000   100%  95.3  425s
 774678  8986 infeasible   84         3.00000    0.00000   100%  95.3  430s
 782497  8851 infeasible   88         3.00000    0.00000   100%  95.4  435s
 792173  8961    0.00000   79   37    3.00000    0.00000   100%  95.5  440s
 801312  9055    0.00000   82   39    3.00000    0.00000   100%  95.5  445s
 809531  9013 infeasible   92         3.00000    0.00000   100%  95.5  450s
 818905  9085    0.00000   94   10    3.00000    0.00000   100%  95.5  455s
 829138  9011 infeasible   93         3.00000    0.00000   100%  95.6  460s
 838504  8859    0.00000   85   24    3.00000    0.00000   100%  95.6  465s
 847217  8929 infeasible   72         3.00000    0.00000   100%  95.7  470s
 855630  9098    0.00000   83    7    3.00000    0.00000   100%  95.8  475s
 864353  9193 infeasible   75         3.00000    0.00000   100%  95.9  480s
 872113  9240    0.00000   84    4    3.00000    0.00000   100%  96.0  485s
 882145  9257 infeasible   80         3.00000    0.00000   100%  96.0  490s
 891270  9374    0.00000   83    5    3.00000    0.00000   100%  96.1  495s
 900304  9352 infeasible   82         3.00000    0.00000   100%  96.2  500s
 908403  9313    0.00000   80   28    3.00000    0.00000   100%  96.3  505s
 918093  9398    0.00000   94   15    3.00000    0.00000   100%  96.3  510s
 926260  9571    0.00000   84    7    3.00000    0.00000   100%  96.4  515s
 935938  9557 infeasible   84         3.00000    0.00000   100%  96.4  520s
 945013  9620 infeasible   85         3.00000    0.00000   100%  96.5  525s
 954366  9775    0.00000   83    4    3.00000    0.00000   100%  96.4  530s
 965314 10052 infeasible   86         3.00000    0.00000   100%  96.3  535s
 976165 10229    0.00000   84    7    3.00000    0.00000   100%  96.1  540s
H986053 10378                       2.9999973    0.00000   100%  95.9  544s
 988388 10409 infeasible   82         3.00000    0.00000   100%  95.9  545s
 998734 10456 infeasible   83         3.00000    0.00000   100%  95.7  550s
 1009748 10664 infeasible   74         3.00000    0.00000   100%  95.6  555s
 1019415 11246    0.00000   79   27    3.00000    0.00000   100%  95.6  560s
 1029426 11662 infeasible   92         3.00000    0.00000   100%  95.5  565s
 1041576 12153    0.00000   74   11    3.00000    0.00000   100%  95.4  570s
 1052408 12505 infeasible   93         3.00000    0.00000   100%  95.3  575s
 1062597 12888    0.00000   73    5    3.00000    0.00000   100%  95.2  580s
 1072773 13114    1.00000   97    6    3.00000    0.00000   100%  95.1  585s
 1082235 13499    0.00000   72   28    3.00000    0.00000   100%  95.1  590s
 1093121 14084    0.00000   79   29    3.00000    0.00000   100%  95.0  595s
 1102859 14628    0.00000   73    4    3.00000    0.00000   100%  94.9  600s
 1114834 14948 infeasible   84         3.00000    0.00000   100%  94.8  605s
 1125015 15191 infeasible   71         3.00000    0.00000   100%  94.7  610s
 1135645 15253    0.00000   79   29    3.00000    0.00000   100%  94.6  615s
 1146465 15224    0.00000   77   20    3.00000    0.00000   100%  94.5  620s
 1157315 15161    0.00000   81   26    3.00000    0.00000   100%  94.4  625s
 1167912 15194 infeasible   85         3.00000    0.00000   100%  94.3  630s
 1177686 15186    0.00000   81   25    3.00000    0.00000   100%  94.3  635s
 1188510 15118    0.00000   74   15    3.00000    0.00000   100%  94.2  640s
 1198164 15196 infeasible   74         3.00000    0.00000   100%  94.2  645s
 1209091 15375 infeasible   75         3.00000    0.00000   100%  94.1  650s
 1219248 15493 infeasible   93         3.00000    0.00000   100%  94.1  655s
 1230167 15630 infeasible   78         3.00000    0.00000   100%  94.0  660s
 1240939 15618 infeasible   84         3.00000    0.00000   100%  93.9  665s
 1252230 15633 infeasible   84         3.00000    0.00000   100%  93.8  670s
 1261662 15595 infeasible   83         3.00000    0.00000   100%  93.9  675s
 1270788 15573    0.00000   81   21    3.00000    0.00000   100%  93.9  680s
 1281468 15477 infeasible   75         3.00000    0.00000   100%  94.0  685s
 1290333 15432    0.00000   84   12    3.00000    0.00000   100%  94.0  690s
H1291394 15447                       2.9999947    0.00000   100%  94.0  690s
 1299085 15467 infeasible   78         2.99999    0.00000   100%  94.0  695s
 1309299 15597    0.00000   78   35    2.99999    0.00000   100%  94.1  700s
 1316784 15746 infeasible   94         2.99999    0.00000   100%  94.2  705s
 1325530 15894    0.00000   61   38    2.99999    0.00000   100%  94.3  710s
 1332638 15768 infeasible   80         2.99999    0.00000   100%  94.5  718s
 1342190 15839    0.00000   75   21    2.99999    0.00000   100%  94.6  720s
 1350213 15888    0.00000   66   12    2.99999    0.00000   100%  94.6  725s
 1359039 15774    0.00000   74   12    2.99999    0.00000   100%  94.7  730s
 1367777 15696    0.00000   74   14    2.99999    0.00000   100%  94.8  735s
 1376691 15689    0.00000   82   26    2.99999    0.00000   100%  94.8  740s
 1386300 15571 infeasible   75         2.99999    0.00000   100%  94.9  745s
 1394400 15628 infeasible   86         2.99999    0.00000   100%  95.0  750s
 1401906 15662 infeasible   81         2.99999    0.00000   100%  95.1  755s
 1410185 15629 infeasible   84         2.99999    0.00000   100%  95.3  760s
H1416647 15594                       2.9999929    0.00000   100%  95.4  764s
 1417791 15569    0.00000   80   19    2.99999    0.00000   100%  95.5  765s
 1426046 15546    0.00000   83    5    2.99999    0.00000   100%  95.6  770s
 1433391 15557    0.00000   74   17    2.99999    0.00000   100%  95.7  775s
 1440904 15483    0.00000   84   20    2.99999    0.00000   100%  95.9  780s
 1447604 15400    0.00000   83    8    2.99999    0.00000   100%  96.0  785s
 1455355 15411 infeasible   82         2.99999    0.00000   100%  96.2  790s
 1463237 15318 infeasible   83         2.99999    0.00000   100%  96.3  795s
 1472130 15261 infeasible   80         2.99999    0.00000   100%  96.4  800s
 1481005 15235    0.00000   70   40    2.99999    0.00000   100%  96.4  805s
 1490208 15231    0.00000   79   34    2.99999    0.00000   100%  96.5  810s
 1500312 15109    0.00000   77   25    2.99999    0.00000   100%  96.4  815s
 1511180 15032 infeasible   77         2.99999    0.00000   100%  96.4  820s
 1521526 15097    0.00000   83    4    2.99999    0.00000   100%  96.3  825s
 1531809 15710 infeasible   83         2.99999    0.00000   100%  96.2  830s
 1542314 16457 infeasible   84         2.99999    0.00000   100%  96.2  835s
 1553116 16852    0.00000   77   16    2.99999    0.00000   100%  96.1  840s
 1563898 16995    0.00000   84   10    2.99999    0.00000   100%  96.0  845s
 1574756 16978 infeasible   84         2.99999    0.00000   100%  96.0  850s
 1585568 16857 infeasible   83         2.99999    0.00000   100%  95.9  855s
 1595143 16820 infeasible   84         2.99999    0.00000   100%  95.9  860s
 1604400 16928 infeasible   81         2.99999    0.00000   100%  95.8  865s
 1615746 16936 infeasible   84         2.99999    0.00000   100%  95.8  870s
 1625667 16827 infeasible   83         2.99999    0.00000   100%  95.8  875s
 1635300 16772    0.00000   84   10    2.99999    0.00000   100%  95.7  880s
 1645409 16736    0.00000   81   17    2.99999    0.00000   100%  95.7  885s
 1656381 16722    0.00000   78   38    2.99999    0.00000   100%  95.7  890s
 1665956 16711 infeasible   82         2.99999    0.00000   100%  95.7  895s
 1674564 16736 infeasible   84         2.99999    0.00000   100%  95.7  900s
 1684280 16695    0.00000   94   18    2.99999    0.00000   100%  95.7  907s
 1695285 16728    0.00000   86   18    2.99999    0.00000   100%  95.7  910s
 1703172 16645    0.00000   87   35    2.99999    0.00000   100%  95.7  915s
 1715148 16865    0.00000   74    6    2.99999    0.00000   100%  95.7  920s
 1724623 17212    0.00000   74   16    2.99999    0.00000   100%  95.6  925s
H1731193 17290                       2.9999929    0.00000   100%  95.6  928s
 1734652 17409    0.00000   84   29    2.99999    0.00000   100%  95.6  930s
 1743880 17683 infeasible   84         2.99999    0.00000   100%  95.6  935s
 1754774 17889    0.00000   74    5    2.99999    0.00000   100%  95.5  940s
 1765569 18124 infeasible   84         2.99999    0.00000   100%  95.5  945s
 1776484 18234    0.00000   82   23    2.99999    0.00000   100%  95.4  950s
 1786016 18241 infeasible   77         2.99999    0.00000   100%  95.4  955s
 1795951 18215    0.00000   81   22    2.99999    0.00000   100%  95.4  960s
 1803759 17925    0.00000   81   23    2.99999    0.00000   100%  95.3  965s
H1814415 18009                       2.9999926    0.00000   100%  95.3  969s
 1816283 17977    0.00000   82   17    2.99999    0.00000   100%  95.3  970s
 1827990 17914    0.00000   80   23    2.99999    0.00000   100%  95.2  975s
 1837082 17832    0.00000   69   40    2.99999    0.00000   100%  95.2  980s
 1846936 17724 infeasible   74         2.99999    0.00000   100%  95.2  985s
 1859211 17609 infeasible   75         2.99999    0.00000   100%  95.1  990s
H1860683 17634                       2.9999853    0.00000   100%  95.1  990s
H1863057 17628                       2.9999853    0.00000   100%  95.1  992s
H1867170 17560                       2.9999824    0.00000   100%  95.1  994s
 1868718 17545    0.00000   73    6    2.99998    0.00000   100%  95.1  995s
 1878677 17522    0.00000   84   26    2.99998    0.00000   100%  95.0 1000s
 1889224 17436 infeasible   90         2.99998    0.00000   100%  95.0 1005s
H1893882 17466                       2.9999824    0.00000   100%  95.0 1007s
H1895246 17464                       2.9999716    0.00000   100%  95.0 1008s
H1897139 17483                       2.9999688    0.00000   100%  95.0 1009s
H1898456 17518                       2.9999688    0.00000   100%  95.0 1009s
 1898698 17514 infeasible   84         2.99997    0.00000   100%  95.0 1010s
 1908082 17736 infeasible   84         2.99997    0.00000   100%  94.9 1015s
H1908464 17736                       2.9999672    0.00000   100%  94.9 1015s
 1919305 17845    0.00000   84    5    2.99997    0.00000   100%  94.9 1020s
H1921846 17840                       2.9999643    0.00000   100%  94.9 1021s
 1928639 17805 infeasible   84         2.99996    0.00000   100%  94.8 1025s
 1934424 17568 infeasible   83         2.99996    0.00000   100%  94.8 1031s
 1949088 17527 infeasible   83         2.99996    0.00000   100%  94.7 1038s
H1957936 17564                       2.9999643    0.00000   100%  94.7 1038s
 1959455 17570    0.00000   74    4    2.99996    0.00000   100%  94.7 1040s
 1969211 17457 infeasible   85         2.99996    0.00000   100%  94.6 1045s
H1973082 17499                       2.9999435    0.00000   100%  94.6 1046s
 1979721 17301    0.00000   80   23    2.99994    0.00000   100%  94.6 1053s
H1987676 17326                       2.9999435    0.00000   100%  94.6 1053s
 1989809 17398 infeasible   74         2.99994    0.00000   100%  94.6 1055s
 1994705 17226    0.00000   85   32    2.99994    0.00000   100%  94.6 1060s
 2010928 17280 infeasible   83         2.99994    0.00000   100%  94.5 1065s
 2020397 17301 infeasible   84         2.99994    0.00000   100%  94.5 1070s
 2031074 17177    0.00000   81   42    2.99994    0.00000   100%  94.5 1075s
 2040733 17119    0.00000   79   15    2.99994    0.00000   100%  94.4 1080s
 2052327 17099    0.00000   71   21    2.99994    0.00000   100%  94.4 1085s
 2061666 17195 infeasible   83         2.99994    0.00000   100%  94.3 1090s
 2072653 17022    0.00000   83    9    2.99994    0.00000   100%  94.3 1095s
 2082233 16974 infeasible   80         2.99994    0.00000   100%  94.3 1100s
 2092924 16955    0.00000   82   33    2.99994    0.00000   100%  94.3 1105s
 2103074 16961 infeasible   78         2.99994    0.00000   100%  94.2 1110s
 2113661 16981 infeasible   74         2.99994    0.00000   100%  94.2 1115s
 2123445 17108 infeasible   83         2.99994    0.00000   100%  94.2 1120s
 2133152 17086    0.00000   92   21    2.99994    0.00000   100%  94.2 1125s
 2142736 17001    0.00000   75   44    2.99994    0.00000   100%  94.2 1130s
 2153910 16945 infeasible   74         2.99994    0.00000   100%  94.1 1135s
 2164725 16938    0.00000   84    8    2.99994    0.00000   100%  94.1 1140s
 2174553 16856    0.00000   80   33    2.99994    0.00000   100%  94.1 1145s
 2185150 16797    0.00000   84   14    2.99994    0.00000   100%  94.1 1150s
 2195147 16852 infeasible   82         2.99994    0.00000   100%  94.1 1155s
 2205544 16957    0.00000   81   26    2.99994    0.00000   100%  94.0 1160s
 2216124 16984 infeasible   87         2.99994    0.00000   100%  94.0 1165s
 2226334 17125    0.00000   88   23    2.99994    0.00000   100%  94.0 1170s
 2236456 17321    0.00000   92   42    2.99994    0.00000   100%  93.9 1175s
 2246644 17404    0.00000   91   24    2.99994    0.00000   100%  93.9 1180s
 2256858 17399    0.00000   92   34    2.99994    0.00000   100%  93.9 1185s
 2267351 17239 infeasible   83         2.99994    0.00000   100%  93.9 1190s
 2277365 17234 infeasible   83         2.99994    0.00000   100%  93.9 1195s
 2286429 17142    0.00000   78   27    2.99994    0.00000   100%  93.9 1200s
 2296009 17157 infeasible   73         2.99994    0.00000   100%  93.9 1205s
 2305820 17071    0.00000   92   32    2.99994    0.00000   100%  93.9 1210s
 2316208 17056    0.00000   84   12    2.99994    0.00000   100%  93.9 1215s
 2327136 17042 infeasible   94         2.99994    0.00000   100%  93.9 1220s
 2329242 16980    0.00000   84    9    2.99994    0.00000   100%  93.8 1225s
 2344974 17116 infeasible   95         2.99994    0.00000   100%  93.9 1230s
 2354349 17120    0.00000   85   16    2.99994    0.00000   100%  93.9 1235s
 2363852 17393    0.00000   75   23    2.99994    0.00000   100%  93.9 1240s
 2375492 17589 infeasible   80         2.99994    0.00000   100%  93.9 1245s
 2385946 17735    0.00000   71   30    2.99994    0.00000   100%  93.8 1250s
 2395685 17909 infeasible   85         2.99994    0.00000   100%  93.8 1255s
 2405970 17922 infeasible   84         2.99994    0.00000   100%  93.7 1260s
 2417298 17933    0.00000   85   18    2.99994    0.00000   100%  93.7 1265s
H2420581 18031                       2.9995421    0.00000   100%  93.7 1266s
 2426555 18202    0.00000   73    6    2.99954    0.00000   100%  93.7 1270s
 2436905 18511 infeasible   73         2.99954    0.00000   100%  93.7 1275s
 2446287 18536    0.00000   87   24    2.99954    0.00000   100%  93.7 1280s
 2455467 18451    0.00000   73    5    2.99954    0.00000   100%  93.7 1285s
 2464396 18448 infeasible   84         2.99954    0.00000   100%  93.7 1290s
 2473797 18468 infeasible   82         2.99954    0.00000   100%  93.8 1295s
 2482435 18493    0.00000   78   30    2.99954    0.00000   100%  93.8 1300s
H2490293 18591                       2.9990843    0.00000   100%  93.8 1304s
 2491367 18615    0.00000   81   22    2.99908    0.00000   100%  93.8 1305s
 2500951 18608 infeasible   84         2.99908    0.00000   100%  93.8 1310s
 2509083 18935 infeasible   84         2.99908    0.00000   100%  93.8 1315s
 2519993 19473    0.00000   79   39    2.99908    0.00000   100%  93.8 1320s
 2530312 19983    0.00000   94    8    2.99908    0.00000   100%  93.8 1325s
 2539775 20240 infeasible   84         2.99908    0.00000   100%  93.8 1330s
 2549521 20348    0.00000   84    4    2.99908    0.00000   100%  93.8 1335s
 2561084 20501    0.00000   76   14    2.99908    0.00000   100%  93.7 1340s
 2570886 20516    0.00000   84   23    2.99908    0.00000   100%  93.7 1345s
 2580272 20478 infeasible   84         2.99908    0.00000   100%  93.7 1350s
 2590317 20356    0.00000   82   34    2.99908    0.00000   100%  93.8 1355s
 2600702 20306 infeasible   84         2.99908    0.00000   100%  93.8 1360s
 2608926 20204 infeasible   84         2.99908    0.00000   100%  93.8 1365s
 2618325 20138    0.00000   84   13    2.99908    0.00000   100%  93.8 1370s
 2629140 20117 infeasible   84         2.99908    0.00000   100%  93.8 1375s
 2638442 20228 infeasible   84         2.99908    0.00000   100%  93.8 1380s
 2648177 20331 infeasible   83         2.99908    0.00000   100%  93.8 1385s
 2658707 20425    0.00000   84   12    2.99908    0.00000   100%  93.8 1390s
 2668387 20520 infeasible   95         2.99908    0.00000   100%  93.8 1395s
 2678350 20610 infeasible   94         2.99908    0.00000   100%  93.8 1400s
 2687884 20581    0.00000   93   11    2.99908    0.00000   100%  93.8 1405s
 2696990 20545    0.00000   76   27    2.99908    0.00000   100%  93.8 1410s
 2707813 20444    0.00000   93   14    2.99908    0.00000   100%  93.8 1415s
 2717549 20388    0.00000   84    4    2.99908    0.00000   100%  93.8 1420s
 2728928 20282    0.00000   87   18    2.99908    0.00000   100%  93.8 1425s
 2738159 20231 infeasible   94         2.99908    0.00000   100%  93.8 1430s
 2746782 20438 infeasible   94         2.99908    0.00000   100%  93.8 1435s
 2758660 20765    0.00000   92   18    2.99908    0.00000   100%  93.8 1440s
 2768222 21028 infeasible   84         2.99908    0.00000   100%  93.8 1445s
 2776435 21052 infeasible   84         2.99908    0.00000   100%  93.8 1450s
 2787009 21045    0.00000   83   11    2.99908    0.00000   100%  93.8 1455s
 2797404 20921    0.00000   79   17    2.99908    0.00000   100%  93.8 1460s
 2806554 20975    0.00000   93    4    2.99908    0.00000   100%  93.8 1465s
 2816765 21192    0.00000   84   12    2.99908    0.00000   100%  93.8 1470s
 2826508 21351    0.00000   89   24    2.99908    0.00000   100%  93.8 1475s
 2836015 21418    0.00000   84   11    2.99908    0.00000   100%  93.8 1480s
 2845998 21430 infeasible   85         2.99908    0.00000   100%  93.8 1485s
 2856072 21385 infeasible   87         2.99908    0.00000   100%  93.8 1490s
 2865999 21476    0.00000   74   16    2.99908    0.00000   100%  93.8 1495s
 2875190 21713 infeasible   82         2.99908    0.00000   100%  93.8 1500s
 2883303 21681 infeasible   80         2.99908    0.00000   100%  93.8 1505s
 2892221 21814    0.00000   87   19    2.99908    0.00000   100%  93.9 1510s
 2900426 21651 infeasible   82         2.99908    0.00000   100%  93.9 1515s
 2908387 21649    0.00000   92   19    2.99908    0.00000   100%  93.9 1520s
 2917998 21628    0.00000   83    4    2.99908    0.00000   100%  94.0 1525s
 2926073 21529    0.00000   82   45    2.99908    0.00000   100%  94.0 1530s
 2934596 21522 infeasible   84         2.99908    0.00000   100%  94.0 1535s
 2943288 21514    0.00000   83    6    2.99908    0.00000   100%  94.1 1540s
 2951432 21409 infeasible   85         2.99908    0.00000   100%  94.1 1545s
 2959923 21567    0.00000   85   14    2.99908    0.00000   100%  94.1 1550s
 2969380 21597    0.00000   85    3    2.99908    0.00000   100%  94.2 1555s
 2978585 21512    0.00000   72   28    2.99908    0.00000   100%  94.2 1560s
 2986783 21405 infeasible   83         2.99908    0.00000   100%  94.2 1565s
 2995987 21325    0.00000   85    9    2.99908    0.00000   100%  94.2 1570s
 3004387 21296 infeasible   84         2.99908    0.00000   100%  94.3 1575s
 3013099 21279 infeasible   83         2.99908    0.00000   100%  94.3 1580s
 3021089 21288 infeasible   93         2.99908    0.00000   100%  94.3 1585s
 3029219 21243    0.00000   83   12    2.99908    0.00000   100%  94.3 1590s
 3038681 21162 infeasible   86         2.99908    0.00000   100%  94.4 1595s
 3049226 21074    0.00000   85   16    2.99908    0.00000   100%  94.4 1600s
 3058232 21059    0.00000   94   10    2.99908    0.00000   100%  94.4 1605s
 3067568 21042    0.00000   90   31    2.99908    0.00000   100%  94.4 1610s
 3076573 21032 infeasible   88         2.99908    0.00000   100%  94.4 1615s
 3085352 21049    0.00000   83    8    2.99908    0.00000   100%  94.4 1620s
 3094936 21302 infeasible   83         2.99908    0.00000   100%  94.4 1625s
 3104505 21899 infeasible   83         2.99908    0.00000   100%  94.4 1630s
 3113633 22249 infeasible   82         2.99908    0.00000   100%  94.4 1635s
 3122559 22571 infeasible   83         2.99908    0.00000   100%  94.4 1640s
 3133398 23132    0.00000   82   31    2.99908    0.00000   100%  94.4 1645s
 3143540 23649    0.00000   80   20    2.99908    0.00000   100%  94.4 1650s
 3154007 24143    0.00000   89   29    2.99908    0.00000   100%  94.4 1655s
 3163615 24291    0.00000   87   15    2.99908    0.00000   100%  94.3 1660s
 3175194 24545 infeasible   79         2.99908    0.00000   100%  94.3 1665s
 3184138 24596    0.00000   87   22    2.99908    0.00000   100%  94.3 1670s
 3195035 24575 infeasible   93         2.99908    0.00000   100%  94.3 1675s
 3206176 24454 infeasible   83         2.99908    0.00000   100%  94.2 1680s
 3216926 24428 infeasible   79         2.99908    0.00000   100%  94.2 1685s
 3226760 24417 infeasible   84         2.99908    0.00000   100%  94.1 1690s
 3238181 24417 infeasible   82         2.99908    0.00000   100%  94.1 1695s
 3249287 24358 infeasible   84         2.99908    0.00000   100%  94.0 1700s
 3258628 24525    0.00000   83    4    2.99908    0.00000   100%  94.0 1705s
 3268730 24432 infeasible   73         2.99908    0.00000   100%  94.0 1710s
 3278358 24378 infeasible   82         2.99908    0.00000   100%  94.0 1715s
 3287764 24402    0.00000   92   20    2.99908    0.00000   100%  94.0 1720s
 3297706 24644    0.00000   75   18    2.99908    0.00000   100%  94.0 1725s
 3307859 24750 infeasible   84         2.99908    0.00000   100%  94.0 1730s
 3316651 24785 infeasible   83         2.99908    0.00000   100%  94.1 1735s
 3326731 24800 infeasible   73         2.99908    0.00000   100%  94.1 1740s
 3334985 24689 infeasible   78         2.99908    0.00000   100%  94.1 1745s
 3345297 24659 infeasible   87         2.99908    0.00000   100%  94.1 1750s
 3353049 24619    0.00000   83    4    2.99908    0.00000   100%  94.1 1755s
 3362571 24595    0.00000   82   39    2.99908    0.00000   100%  94.2 1760s
 3373244 24638    0.00000   84    5    2.99908    0.00000   100%  94.2 1765s
 3382396 24624    0.00000   73    8    2.99908    0.00000   100%  94.2 1770s
 3391425 24687 infeasible   83         2.99908    0.00000   100%  94.2 1775s
 3401022 24553    0.00000   84   21    2.99908    0.00000   100%  94.2 1780s
 3410842 24491    0.00000   74    8    2.99908    0.00000   100%  94.2 1785s
 3421022 24570    0.00000   84    6    2.99908    0.00000   100%  94.2 1790s
 3429933 24481    0.00000   84   10    2.99908    0.00000   100%  94.2 1795s
 3440066 24552    0.00000   68   20    2.99908    0.00000   100%  94.2 1800s
 3449669 24823 infeasible   83         2.99908    0.00000   100%  94.2 1805s
 3458178 24808 infeasible   81         2.99908    0.00000   100%  94.2 1810s
 3467152 24908    0.00000   82   32    2.99908    0.00000   100%  94.2 1815s
 3476704 25061    0.00000   77   30    2.99908    0.00000   100%  94.2 1820s
 3485129 25110    0.00000   88   20    2.99908    0.00000   100%  94.3 1825s
 3493232 25088    0.00000   83    5    2.99908    0.00000   100%  94.3 1830s
 3501596 25079    0.00000   84    5    2.99908    0.00000   100%  94.3 1835s
 3511316 25188 infeasible   88         2.99908    0.00000   100%  94.3 1840s
 3520121 25226 infeasible   93         2.99908    0.00000   100%  94.4 1845s
 3529813 25185    0.00000   86   12    2.99908    0.00000   100%  94.4 1850s
 3538867 25268    0.00000   74    7    2.99908    0.00000   100%  94.4 1855s
 3548864 25419 infeasible   84         2.99908    0.00000   100%  94.4 1860s
 3558572 25694 infeasible   79         2.99908    0.00000   100%  94.3 1865s
 3569064 26316 infeasible   83         2.99908    0.00000   100%  94.3 1870s
 3578679 26515 infeasible   82         2.99908    0.00000   100%  94.3 1875s
 3583660 26580    0.00000   85    9    2.99908    0.00000   100%  94.3 1880s
 3598100 26715    0.00000   82   38    2.99908    0.00000   100%  94.3 1885s
 3608450 26752 infeasible   83         2.99908    0.00000   100%  94.3 1890s
 3617530 26793    0.00000   82   17    2.99908    0.00000   100%  94.3 1895s
 3626617 26892    0.00000   80   22    2.99908    0.00000   100%  94.3 1900s
 3635268 26930 infeasible   83         2.99908    0.00000   100%  94.3 1905s
 3645955 27126    0.00000   83    4    2.99908    0.00000   100%  94.3 1910s
 3654423 27290    0.00000   84    9    2.99908    0.00000   100%  94.3 1915s
 3665086 27564    0.00000   84   13    2.99908    0.00000   100%  94.3 1920s
 3674709 27662 infeasible   88         2.99908    0.00000   100%  94.3 1925s
 3684019 27896    0.00000   84    8    2.99908    0.00000   100%  94.3 1930s
 3693255 28031    0.00000   84   17    2.99908    0.00000   100%  94.3 1935s
 3702247 28190    0.00000   83    3    2.99908    0.00000   100%  94.3 1940s
 3713317 28456 infeasible   82         2.99908    0.00000   100%  94.3 1945s
 3722879 28555    0.00000   84   13    2.99908    0.00000   100%  94.3 1950s
 3733037 28504 infeasible   84         2.99908    0.00000   100%  94.3 1955s
 3742270 28463    0.00000   89   40    2.99908    0.00000   100%  94.3 1960s
 3752261 28406 infeasible   84         2.99908    0.00000   100%  94.3 1965s
 3763359 28373    0.00000   81   21    2.99908    0.00000   100%  94.2 1970s
 3772167 28296 infeasible   83         2.99908    0.00000   100%  94.2 1975s
 3781976 28260    0.00000   84   27    2.99908    0.00000   100%  94.2 1980s
 3791319 28301    0.00000   83    8    2.99908    0.00000   100%  94.2 1985s
 3801697 28207    0.00000   81   22    2.99908    0.00000   100%  94.2 1990s
 3811624 28107 infeasible   84         2.99908    0.00000   100%  94.2 1995s
 3818883 28198    0.00000   82   27    2.99908    0.00000   100%  94.2 2000s
 3830573 28249 infeasible   93         2.99908    0.00000   100%  94.2 2005s
 3839683 28117 infeasible   74         2.99908    0.00000   100%  94.2 2010s
 3848648 28053 infeasible   94         2.99908    0.00000   100%  94.2 2015s
 3859894 27978    0.00000   83    9    2.99908    0.00000   100%  94.2 2020s
 3869376 28341    0.00000   79   33    2.99908    0.00000   100%  94.2 2025s
 3878956 28874    0.00000   82   34    2.99908    0.00000   100%  94.2 2030s
 3887992 29229 infeasible   78         2.99908    0.00000   100%  94.2 2035s
 3896650 29603    0.00000   84   14    2.99908    0.00000   100%  94.2 2040s
 3907932 29699    0.00000   86   17    2.99908    0.00000   100%  94.2 2045s
 3917796 29738    0.00000   87   17    2.99908    0.00000   100%  94.2 2050s
 3927512 29745 infeasible   93         2.99908    0.00000   100%  94.2 2055s
 3937441 29734    0.00000   86   27    2.99908    0.00000   100%  94.2 2060s
 3947934 29577 infeasible   88         2.99908    0.00000   100%  94.1 2065s
 3958112 29684    0.00000   79   23    2.99908    0.00000   100%  94.1 2070s
 3969679 29683    0.00000   82   21    2.99908    0.00000   100%  94.1 2075s
 3976921 29459 infeasible   89         2.99908    0.00000   100%  94.1 2081s
 3989840 29588    0.00000   80   28    2.99908    0.00000   100%  94.1 2085s
 4000648 29825 infeasible   83         2.99908    0.00000   100%  94.0 2090s
 4009411 30385    0.00000   80   41    2.99908    0.00000   100%  94.1 2095s
 4019364 31015 infeasible   78         2.99908    0.00000   100%  94.1 2100s
 4030388 31518 infeasible   74         2.99908    0.00000   100%  94.0 2105s
 4040761 31807 infeasible   86         2.99908    0.00000   100%  94.0 2110s
 4050605 32098    0.00000   74   19    2.99908    0.00000   100%  94.0 2115s
 4060441 32283 infeasible   93         2.99908    0.00000   100%  94.0 2120s
 4072461 32458    0.00000   88   20    2.99908    0.00000   100%  94.0 2125s
 4082580 32515    0.00000   84   20    2.99908    0.00000   100%  93.9 2130s
 4094661 32388    0.00000   93    4    2.99908    0.00000   100%  93.9 2135s
 4100974 32163    0.00000   85   24    2.99908    0.00000   100%  93.9 2141s
 4116102 32342 infeasible   81         2.99908    0.00000   100%  93.8 2145s
 4128741 32244 infeasible   84         2.99908    0.00000   100%  93.8 2150s
 4139229 32153    0.00000   83    5    2.99908    0.00000   100%  93.7 2155s
 4150839 32266    0.00000   94   20    2.99908    0.00000   100%  93.7 2160s
 4163787 32143 infeasible   84         2.99908    0.00000   100%  93.7 2165s
 4175064 32169 infeasible   93         2.99908    0.00000   100%  93.6 2170s
 4185582 32305 infeasible   86         2.99908    0.00000   100%  93.6 2175s
 4194062 32572 infeasible   84         2.99908    0.00000   100%  93.6 2180s
 4204037 32566 infeasible   88         2.99908    0.00000   100%  93.6 2185s
 4213634 32567 infeasible   90         2.99908    0.00000   100%  93.6 2190s
 4224288 32447    0.00000   81   36    2.99908    0.00000   100%  93.6 2195s
 4228989 32358    0.00000   81   17    2.99908    0.00000   100%  93.6 2201s
 4242707 32341 infeasible   94         2.99908    0.00000   100%  93.6 2205s
 4252813 32276    0.00000   82   27    2.99908    0.00000   100%  93.6 2210s
 4262400 32199 infeasible   96         2.99908    0.00000   100%  93.6 2215s
 4272238 32224 infeasible   88         2.99908    0.00000   100%  93.6 2220s
 4283305 32075 infeasible   85         2.99908    0.00000   100%  93.6 2225s
 4291554 32091 infeasible   86         2.99908    0.00000   100%  93.6 2230s
 4303165 32408    0.00000   80   16    2.99908    0.00000   100%  93.6 2235s
 4311684 32842 infeasible   84         2.99908    0.00000   100%  93.6 2240s
 4320053 33091 infeasible   85         2.99908    0.00000   100%  93.6 2245s
 4327896 33276 infeasible   73         2.99908    0.00000   100%  93.6 2250s
 4337331 33314    0.00000   63    1    2.99908    0.00000   100%  93.7 2255s
 4346598 33528 infeasible   83         2.99908    0.00000   100%  93.7 2260s
 4356380 33709    0.00000   78   24    2.99908    0.00000   100%  93.7 2265s
 4366745 34165    0.00000   73   11    2.99908    0.00000   100%  93.7 2270s
 4377304 34450 infeasible   84         2.99908    0.00000   100%  93.6 2275s
 4386796 34630 infeasible   84         2.99908    0.00000   100%  93.6 2280s
 4395881 34684 infeasible   73         2.99908    0.00000   100%  93.7 2285s
 4404158 34750    0.00000   79   23    2.99908    0.00000   100%  93.7 2290s
 4413962 34865    0.00000   74   14    2.99908    0.00000   100%  93.7 2295s
 4422120 34834 infeasible   74         2.99908    0.00000   100%  93.7 2300s
 4431398 34767 infeasible   97         2.99908    0.00000   100%  93.7 2305s
 4440947 34929    0.00000   88   41    2.99908    0.00000   100%  93.8 2310s
 4450673 35382    0.00000   82   34    2.99908    0.00000   100%  93.8 2315s
 4461952 35945    0.00000   84    3    2.99908    0.00000   100%  93.8 2320s
 4472489 36339    0.00000   80   24    2.99908    0.00000   100%  93.7 2325s
 4483346 36613    0.00000   83    2    2.99908    0.00000   100%  93.7 2330s
 4495937 36840    0.00000   75   34    2.99908    0.00000   100%  93.7 2335s
 4507407 36962    0.00000   72   47    2.99908    0.00000   100%  93.6 2340s
 4518295 37097    0.00000   85   14    2.99908    0.00000   100%  93.6 2345s
 4527387 37381 infeasible   84         2.99908    0.00000   100%  93.6 2350s
 4535928 37667    0.00000   83    9    2.99908    0.00000   100%  93.7 2355s
 4545776 37874 infeasible   81         2.99908    0.00000   100%  93.7 2360s
 4555716 38029 infeasible   73         2.99908    0.00000   100%  93.7 2365s
 4565791 38144 infeasible   76         2.99908    0.00000   100%  93.6 2370s
 4577235 38328 infeasible   84         2.99908    0.00000   100%  93.6 2375s
 4586249 38536    0.00000   72   28    2.99908    0.00000   100%  93.6 2380s
 4595827 38570 infeasible   83         2.99908    0.00000   100%  93.7 2385s
 4604840 38563    0.00000   72   22    2.99908    0.00000   100%  93.7 2390s
 4613610 38502    0.00000   73   12    2.99908    0.00000   100%  93.7 2395s
 4623639 38545 infeasible   84         2.99908    0.00000   100%  93.7 2400s
 4632362 38583 infeasible   83         2.99908    0.00000   100%  93.7 2405s
 4641841 38722    0.00000   83    4    2.99908    0.00000   100%  93.7 2410s
 4650803 38860    0.00000   81   33    2.99908    0.00000   100%  93.8 2415s
 4660351 38999 infeasible   82         2.99908    0.00000   100%  93.8 2420s
 4669451 38955 infeasible   85         2.99908    0.00000   100%  93.8 2425s
 4678624 39065 infeasible   83         2.99908    0.00000   100%  93.8 2430s
 4687687 39053    0.00000   73    6    2.99908    0.00000   100%  93.8 2435s
 4695896 39010 infeasible   79         2.99908    0.00000   100%  93.8 2440s
 4705699 39061    0.00000   74   12    2.99908    0.00000   100%  93.8 2445s
 4714490 39114 infeasible   93         2.99908    0.00000   100%  93.9 2450s
 4724336 39165 infeasible   84         2.99908    0.00000   100%  93.9 2455s
 4731877 39731    0.00000   74   25    2.99908    0.00000   100%  93.9 2460s
 4740646 40167    0.00000   75   20    2.99908    0.00000   100%  93.9 2465s
 4749552 40505    0.00000   86   22    2.99908    0.00000   100%  93.9 2470s
 4759345 40812    0.00000   80   29    2.99908    0.00000   100%  94.0 2475s
 4767124 40966    0.00000   83    9    2.99908    0.00000   100%  94.0 2480s
 4776652 41043    0.00000   86    9    2.99908    0.00000   100%  94.0 2485s
 4787709 41136    0.00000   81   26    2.99908    0.00000   100%  94.0 2490s
 4796244 41147 infeasible   94         2.99908    0.00000   100%  94.0 2495s
 4806116 41134 infeasible   83         2.99908    0.00000   100%  94.0 2500s
 4815557 41092    0.00000   68   13    2.99908    0.00000   100%  94.0 2505s
 4825290 41114 infeasible   83         2.99908    0.00000   100%  94.0 2510s
 4834485 41256 infeasible   84         2.99908    0.00000   100%  94.0 2515s
 4845762 41465 infeasible   84         2.99908    0.00000   100%  94.0 2520s
 4854327 41791    0.00000   68   18    2.99908    0.00000   100%  94.0 2525s
 4859916 41786    0.00000   82   17    2.99908    0.00000   100%  94.1 2532s
 4871042 41915 infeasible   88         2.99908    0.00000   100%  94.1 2535s
 4881343 41965    0.00000   75   16    2.99908    0.00000   100%  94.1 2540s
 4890640 41925    0.00000   81   34    2.99908    0.00000   100%  94.1 2545s
 4900377 41956 infeasible   83         2.99908    0.00000   100%  94.1 2550s
 4907038 41910    0.00000   77   29    2.99908    0.00000   100%  94.1 2557s
 4920291 42008    0.00000   80   31    2.99908    0.00000   100%  94.1 2560s
 4929105 42201 infeasible   81         2.99908    0.00000   100%  94.1 2565s
 4937455 42211 infeasible   83         2.99908    0.00000   100%  94.1 2570s
 4946101 42231    0.00000   78   14    2.99908    0.00000   100%  94.1 2575s
 4954787 42375    0.00000   83    1    2.99908    0.00000   100%  94.2 2580s
 4963348 42338    0.00000   76   19    2.99908    0.00000   100%  94.2 2585s
 4971406 42290 infeasible   82         2.99908    0.00000   100%  94.2 2590s
 4980674 42244 infeasible   90         2.99908    0.00000   100%  94.3 2595s
 4989773 42091 infeasible   83         2.99908    0.00000   100%  94.3 2600s
 4997212 42072    0.00000   74   18    2.99908    0.00000   100%  94.3 2605s
 5006413 42029 infeasible   85         2.99908    0.00000   100%  94.3 2610s
 5015664 41970 infeasible   82         2.99908    0.00000   100%  94.3 2615s
 5024851 41963 infeasible   84         2.99908    0.00000   100%  94.4 2620s
 5033936 41944 infeasible   84         2.99908    0.00000   100%  94.4 2625s
 5045033 41869 infeasible   84         2.99908    0.00000   100%  94.4 2630s
 5053980 41727 infeasible   84         2.99908    0.00000   100%  94.4 2635s
 5063676 41668 infeasible   84         2.99908    0.00000   100%  94.4 2640s
 5072002 41615 infeasible   93         2.99908    0.00000   100%  94.4 2645s
 5082760 41573 infeasible   83         2.99908    0.00000   100%  94.4 2650s
 5092523 41516 infeasible   82         2.99908    0.00000   100%  94.4 2655s
 5102152 41446 infeasible   82         2.99908    0.00000   100%  94.4 2660s
 5111198 41453    0.00000   91   30    2.99908    0.00000   100%  94.4 2665s
 5121709 41343 infeasible   89         2.99908    0.00000   100%  94.4 2670s
 5132918 41481 infeasible   91         2.99908    0.00000   100%  94.3 2675s
 5143641 41615 infeasible   84         2.99908    0.00000   100%  94.3 2680s
 5154117 41603    0.00000   86   13    2.99908    0.00000   100%  94.3 2685s
 5165975 41676    0.00000   85    8    2.99908    0.00000   100%  94.3 2690s
 5175957 41683    0.00000   73    3    2.99908    0.00000   100%  94.2 2695s
 5186763 41658    0.00000   74   12    2.99908    0.00000   100%  94.2 2700s
 5197515 41567    0.00000   84   21    2.99908    0.00000   100%  94.2 2705s
 5206700 41697 infeasible   84         2.99908    0.00000   100%  94.2 2710s
 5217589 42173 infeasible   83         2.99908    0.00000   100%  94.2 2715s
 5226858 42423    0.00000   87   14    2.99908    0.00000   100%  94.2 2720s
 5237254 42642    0.00000   93   14    2.99908    0.00000   100%  94.2 2725s
 5247318 42553    0.00000   93    9    2.99908    0.00000   100%  94.2 2730s
 5256760 42503 infeasible   89         2.99908    0.00000   100%  94.2 2735s
 5265518 42361    0.00000   92   32    2.99908    0.00000   100%  94.2 2740s
 5274748 42326 infeasible   94         2.99908    0.00000   100%  94.2 2745s
 5285309 42308    0.00000   93    8    2.99908    0.00000   100%  94.2 2750s
 5294834 42269    0.00000   94   22    2.99908    0.00000   100%  94.2 2755s
 5304486 42271    0.00000   96   19    2.99908    0.00000   100%  94.2 2760s
 5315001 42253 infeasible   87         2.99908    0.00000   100%  94.2 2765s
 5325026 42185 infeasible   94         2.99908    0.00000   100%  94.2 2770s
 5335554 42232 infeasible   93         2.99908    0.00000   100%  94.2 2775s
 5347048 42264    0.00000   89   19    2.99908    0.00000   100%  94.1 2780s
 5358483 42219    0.00000   94    7    2.99908    0.00000   100%  94.1 2785s
 5369332 42173    0.00000   84   13    2.99908    0.00000   100%  94.1 2790s
 5378456 42148    0.00000   81   21    2.99908    0.00000   100%  94.1 2795s
 5390792 42130    0.00000   92   23    2.99908    0.00000   100%  94.1 2800s
 5400732 42308    0.00000   94    7    2.99908    0.00000   100%  94.1 2805s
 5409966 42306    0.00000   83    5    2.99908    0.00000   100%  94.1 2810s
 5419662 42283    0.00000   88   20    2.99908    0.00000   100%  94.1 2815s
 5429801 42261    0.00000   95   13    2.99908    0.00000   100%  94.1 2820s
 5440749 42328    0.00000   81   24    2.99908    0.00000   100%  94.1 2825s
 5450687 42542 infeasible   83         2.99908    0.00000   100%  94.1 2830s
 5459770 42658 infeasible   83         2.99908    0.00000   100%  94.0 2835s
 5469823 43049    0.00000   84   12    2.99908    0.00000   100%  94.0 2840s
 5479691 43237 infeasible   93         2.99908    0.00000   100%  94.0 2845s
 5490656 43294    0.00000   90   21    2.99908    0.00000   100%  94.0 2850s
 5500887 43446    0.00000   87   23    2.99908    0.00000   100%  94.0 2855s
 5511051 43355 infeasible   79         2.99908    0.00000   100%  94.0 2860s
 5521296 43286    0.00000   85   11    2.99908    0.00000   100%  94.0 2865s
 5532668 43240    0.00000   87   28    2.99908    0.00000   100%  94.0 2870s
 5542870 43131    0.00000   93    4    2.99908    0.00000   100%  94.0 2875s
 5552424 43102    0.00000   84   24    2.99908    0.00000   100%  94.0 2880s
 5562184 43059 infeasible   91         2.99908    0.00000   100%  94.0 2885s
 5572016 42940 infeasible   93         2.99908    0.00000   100%  94.0 2890s
 5583021 42842 infeasible   83         2.99908    0.00000   100%  94.0 2895s
 5590600 42839    0.00000   88   28    2.99908    0.00000   100%  94.0 2900s
 5602213 42867 infeasible   85         2.99908    0.00000   100%  94.0 2905s
 5612389 42833    0.00000   84   10    2.99908    0.00000   100%  94.0 2910s
 5621469 42783    0.00000   90   22    2.99908    0.00000   100%  94.0 2915s
 5631403 42695    0.00000   90   34    2.99908    0.00000   100%  93.9 2920s
 5642830 42629 infeasible   87         2.99908    0.00000   100%  93.9 2925s
 5653105 42577 infeasible   83         2.99908    0.00000   100%  93.9 2930s
 5662901 42595 infeasible   88         2.99908    0.00000   100%  93.9 2935s
 5672478 42634    0.00000   87   22    2.99908    0.00000   100%  93.9 2940s
 5682471 42527    0.00000   88   25    2.99908    0.00000   100%  93.9 2945s
 5693087 42598 infeasible   91         2.99908    0.00000   100%  93.9 2950s
 5701808 42569    0.00000   83    6    2.99908    0.00000   100%  93.9 2955s
 5711260 42623 infeasible   74         2.99908    0.00000   100%  93.9 2960s
 5720325 42551    0.00000   82   28    2.99908    0.00000   100%  93.9 2965s
 5730642 42446 infeasible   83         2.99908    0.00000   100%  93.9 2970s
 5740568 42438 infeasible   92         2.99908    0.00000   100%  93.9 2975s
 5750051 42385 infeasible  104         2.99908    0.00000   100%  93.9 2980s
 5759307 42275 infeasible   91         2.99908    0.00000   100%  93.9 2985s
 5770129 42448 infeasible   82         2.99908    0.00000   100%  93.9 2990s
 5778565 42613 infeasible  104         2.99908    0.00000   100%  93.9 2995s
 5788234 42623    0.00000   80   28    2.99908    0.00000   100%  93.9 3000s
 5798312 42494 infeasible   86         2.99908    0.00000   100%  93.9 3005s
 5809137 42387 infeasible   88         2.99908    0.00000   100%  93.9 3010s
 5818952 42223    0.00000   94    8    2.99908    0.00000   100%  93.9 3015s
 5827520 42302 infeasible   93         2.99908    0.00000   100%  94.0 3020s
 5836851 42293 infeasible   93         2.99908    0.00000   100%  94.0 3025s
 5846823 42360 infeasible   90         2.99908    0.00000   100%  94.0 3030s
 5856918 42344    0.00000   94   14    2.99908    0.00000   100%  94.0 3035s
 5866400 42224    0.00000   86   25    2.99908    0.00000   100%  94.0 3040s
 5876166 42193 infeasible   84         2.99908    0.00000   100%  94.0 3045s
 5886118 42072 infeasible   83         2.99908    0.00000   100%  94.0 3050s
 5896209 42235 infeasible   94         2.99908    0.00000   100%  94.0 3055s
 5907011 42545 infeasible   94         2.99908    0.00000   100%  94.0 3060s
 5915876 42715    0.00000   72   29    2.99908    0.00000   100%  94.0 3065s
 5925593 42788 infeasible   99         2.99908    0.00000   100%  94.0 3070s
 5935563 42765    0.00000   78   26    2.99908    0.00000   100%  94.0 3075s
 5944569 42721    0.00000   79   24    2.99908    0.00000   100%  94.0 3080s
 5955064 42723 infeasible   85         2.99908    0.00000   100%  94.0 3085s
 5964831 42678    0.00000   91   19    2.99908    0.00000   100%  94.0 3090s
 5973674 42655    0.00000   94   19    2.99908    0.00000   100%  94.0 3095s
 5984050 42680 infeasible   83         2.99908    0.00000   100%  94.0 3100s
 5993397 42701    0.00000   87   19    2.99908    0.00000   100%  94.0 3105s
 6002455 42643 infeasible   93         2.99908    0.00000   100%  94.0 3110s
 6013215 42579    0.00000   85   25    2.99908    0.00000   100%  94.0 3115s
 6023254 42563 infeasible   94         2.99908    0.00000   100%  94.0 3120s
 6033301 42661 infeasible   83         2.99908    0.00000   100%  94.0 3125s
 6041474 42671 infeasible   91         2.99908    0.00000   100%  94.0 3130s
 6051683 42668    0.00000   87   16    2.99908    0.00000   100%  94.0 3135s
 6061053 42537 infeasible   84         2.99908    0.00000   100%  94.0 3140s
 6069907 42470 infeasible   85         2.99908    0.00000   100%  94.0 3145s
 6080078 42415    0.00000   74   15    2.99908    0.00000   100%  94.0 3150s
 6088245 42369    0.00000   85   15    2.99908    0.00000   100%  94.0 3155s
 6099008 42328    0.00000   83    8    2.99908    0.00000   100%  94.0 3160s
 6109641 42381    0.00000   82   27    2.99908    0.00000   100%  94.0 3165s
 6119429 42279    0.00000   77   25    2.99908    0.00000   100%  94.0 3170s
 6130285 42290 infeasible   83         2.99908    0.00000   100%  94.0 3175s
 6141377 42244 infeasible   90         2.99908    0.00000   100%  94.0 3180s
 6151291 42235    0.00000   78   39    2.99908    0.00000   100%  94.0 3185s
 6160009 42253    0.00000   84   16    2.99908    0.00000   100%  94.0 3190s
 6166615 42211 infeasible   85         2.99908    0.00000   100%  94.0 3195s
 6178789 42168 infeasible   84         2.99908    0.00000   100%  94.0 3200s
 6182558 42156    0.00000   81   28    2.99908    0.00000   100%  94.0 3205s
 6197868 42282    0.00000   83    5    2.99908    0.00000   100%  94.0 3210s
 6207647 42405 infeasible   82         2.99908    0.00000   100%  94.0 3215s
 6218374 42288 infeasible   94         2.99908    0.00000   100%  94.0 3220s
 6228681 42263 infeasible   84         2.99908    0.00000   100%  94.0 3225s
 6238100 42214    0.00000   78   28    2.99908    0.00000   100%  94.0 3230s
 6247219 42189 infeasible   74         2.99908    0.00000   100%  94.0 3235s
 6257676 42190    0.00000   81   29    2.99908    0.00000   100%  94.0 3240s
 6265837 42129 infeasible   86         2.99908    0.00000   100%  94.0 3245s
 6275240 42288    0.00000   83   14    2.99908    0.00000   100%  94.0 3250s
 6284801 42292 infeasible   85         2.99908    0.00000   100%  94.0 3255s
H6293159 42375                       2.9964263    0.00000   100%  94.0 3259s
 6293300 42360    0.00000   78   14    2.99643    0.00000   100%  94.0 3260s
 6303255 42221 infeasible   83         2.99643    0.00000   100%  94.0 3265s
 6313091 42094 infeasible   83         2.99643    0.00000   100%  94.0 3270s
 6321650 42036    0.00000   86   13    2.99643    0.00000   100%  94.0 3275s
 6330958 41984    0.00000   83   13    2.99643    0.00000   100%  94.0 3280s
 6341781 42024    0.00000   84   18    2.99643    0.00000   100%  94.0 3285s
 6351683 42165 infeasible   78         2.99643    0.00000   100%  94.0 3290s
 6361799 42295 infeasible   93         2.99643    0.00000   100%  94.0 3295s
H6368126 38206                       1.0000000    0.00000   100%  94.0 3297s
H6369130 38175                       1.0000000    0.00000   100%  94.0 3298s
 6370990 38145 infeasible   94         1.00000    0.00000   100%  94.0 3300s
H6375930   419                       0.0000000    0.00000  0.00%  94.0 3302s

Cutting planes:
  Learned: 5
  Gomory: 2
  Projected implied bound: 1
  MIR: 6
  Mixing: 1
  Flow cover: 21
  RLT: 1
  Relax-and-lift: 1

Explored 6376031 nodes (599470095 simplex iterations) in 3302.46 seconds (6840.93 work units)
Thread count was 8 (of 192 available processors)

Solution count 10: 0 1 1 ... 2.99997

Optimal solution found (tolerance 1.00e-04)
Best objective 0.000000000000e+00, best bound 0.000000000000e+00, gap 0.0000%

User-callback calls 14273427, time in user-callback 3.15 sec

AVANT CALCUL DES AUTRES INDICATEURS
Obj_rho = 0
Obj_lambda = 0
Obj_phi = 0
AVANT CALCUL DES AUTRES INDICATEURS
Obj_rho = 0
Obj_lambda = 7
Obj_phi = 0
✅ Solution trouvée (status: OPTIMAL)
🎯 Objective global: 0.0
⏱️ Time used: 3302.46
Nombre de vols satisfaits: 196
Nombre de vols non satisfaits: 0

✈️ Paths for each aircraft:

🛩️ Aircraft N607AS path (29 nodes): s_(u=0, v=0, w=0) ➡️  N607AS_(u=0, v=0, w=1) ➡️  ANC_SEA_162_428_(u=174, v=1, w=1) ➡️  SEA_ANC_479_633_(u=367, v=2, w=1) ➡️  ANC_SEA_715_980_(u=548, v=3, w=1) ➡️  SEA_BUR_1045_1181_(u=666, v=4, w=1) ➡️  BUR_SEA_1268_1435_(u=804, v=5, w=1) ➡️  SEA_SLC_1846_2021_(u=900, v=6, w=2) ➡️  SLC_SEA_2122_2206_(u=1001, v=7, w=2) ➡️  SEA_SJC_2247_2382_(u=1118, v=8, w=2) ➡️  SJC_SEA_2432_2554_(u=1213, v=9, w=2) ➡️  SEA_IAH_2838_3229_(u=1445, v=10, w=2) ➡️  IAH_SEA_3299_3463_(u=1689, v=11, w=3) ➡️  SEA_IAD_3504_3971_(u=1954, v=12, w=3) ➡️  IAD_SEA_4030_4189_(u=2263, v=13, w=3) ➡️  SEA_SMF_4248_4369_(u=2344, v=14, w=3) ➡️  SMF_SEA_4703_4832_(u=2443, v=15, w=4) ➡️  SEA_CLE_4925_5380_(u=2678, v=16, w=4) ➡️  CLE_SEA_5435_5585_(u=2954, v=17, w=4) ➡️  SEA_SMF_5645_5755_(u=3035, v=18, w=4) ➡️  SMF_SEA_6112_6231_(u=3131, v=19, w=5) ➡️  SEA_ATL_6289_6758_(u=3397, v=20, w=5) ➡️  ATL_SEA_6839_6970_(u=3688, v=21, w=5) ➡️  SEA_DFW_7182_7527_(u=3885, v=22, w=5) ➡️  DFW_SEA_7641_7776_(u=4111, v=23, w=6) ➡️  SEA_MCI_7916_8251_(u=4296, v=24, w=6) ➡️  MCI_SEA_8308_8432_(u=4496, v=25, w=6) ➡️  SEA_JNU_8494_8605_(u=4642, v=26, w=6) ➡️  JNU_SEA_9259_9463_(u=4741, v=27, w=7) ➡️  SEA_DEN_9579_9790_(u=4871, v=28, w=7) ➡️  DEN_SEA_9846_9966_(u=5026, v=29, w=7) ➡️  t_(u=0, v=0, w=0)

🛩️ Aircraft N585AS path (27 nodes): s_(u=0, v=0, w=0) ➡️  N585AS_(u=3072, v=26, w=6) ➡️  ANC_SEA_137_389_(u=3245, v=27, w=6) ➡️  SEA_PIT_580_1048_(u=3503, v=28, w=6) ➡️  PIT_SEA_1104_1236_(u=3777, v=29, w=6) ➡️  SEA_SJC_1855_1984_(u=3887, v=30, w=7) ➡️  SJC_SEA_2047_2171_(u=3984, v=31, w=7) ➡️  SEA_SBA_2265_2429_(u=4115, v=32, w=7) ➡️  SBA_SEA_2482_2633_(u=4231, v=33, w=7) ➡️  SEA_PDX_2732_2790_(u=4260, v=34, w=7) ➡️  PDX_SEA_3178_3252_(u=4296, v=35, w=8) ➡️  SEA_ANC_3375_3530_(u=4487, v=36, w=8) ➡️  ANC_SEA_3593_3853_(u=4670, v=37, w=8) ➡️  SEA_ONT_3941_4070_(u=4780, v=38, w=8) ➡️  ONT_SEA_4675_4856_(u=4936, v=39, w=9) ➡️  SEA_PIT_4922_5383_(u=5180, v=40, w=9) ➡️  PIT_SEA_5447_5576_(u=5468, v=41, w=9) ➡️  SEA_LAS_6225_6362_(u=5579, v=42, w=10) ➡️  LAS_SEA_6427_6598_(u=5725, v=43, w=10) ➡️  SEA_LAX_6651_6804_(u=5847, v=44, w=10) ➡️  LAX_SEA_6863_7042_(u=6000, v=45, w=10) ➡️  SEA_PHX_8018_8241_(u=138, v=1, w=1) ➡️  PHX_ANC_8336_8626_(u=515, v=2, w=1) ➡️  ANC_SEA_8684_8926_(u=673, v=3, w=2) ➡️  SEA_PHX_9068_9279_(u=806, v=4, w=2) ➡️  PHX_SEA_9344_9480_(u=975, v=5, w=2) ➡️  SEA_PHX_9550_9765_(u=1111, v=6, w=2) ➡️  PHX_SEA_9831_9982_(u=1294, v=7, w=2) ➡️  SEA_FAI_10053_10220_(u=1498, v=8, w=2) ➡️  t_(u=0, v=0, w=0)

🛩️ Aircraft N317AS path (28 nodes): s_(u=0, v=0, w=0) ➡️  N317AS_(u=0, v=0, w=1) ➡️  FAI_SEA_201_455_(u=177, v=1, w=1) ➡️  SEA_LAX_528_675_(u=298, v=2, w=1) ➡️  LAX_SEA_743_917_(u=446, v=3, w=1) ➡️  SEA_SFO_990_1113_(u=549, v=4, w=1) ➡️  SFO_SEA_1177_1307_(u=648, v=5, w=1) ➡️  SEA_ORD_1795_2159_(u=858, v=6, w=2) ➡️  ORD_PDX_2215_2349_(u=1093, v=7, w=2) ➡️  PDX_ONT_2434_2569_(u=1215, v=8, w=2) ➡️  ONT_PDX_2628_2754_(u=1326, v=9, w=2) ➡️  PDX_ANC_2866_3034_(u=1529, v=10, w=2) ➡️  ANC_SEA_3168_3438_(u=1711, v=11, w=3) ➡️  SEA_DEN_3550_3770_(u=1847, v=12, w=3) ➡️  DEN_SEA_3827_3928_(u=1986, v=13, w=3) ➡️  SEA_SAN_4005_4151_(u=2107, v=14, w=3) ➡️  SAN_TPA_4795_5235_(u=2340, v=15, w=4) ➡️  TPA_SAN_5307_5449_(u=2628, v=16, w=4) ➡️  SAN_SEA_5512_5695_(u=2782, v=17, w=4) ➡️  SEA_MSP_6233_6559_(u=2953, v=18, w=5) ➡️  MSP_SEA_6615_6760_(u=3151, v=19, w=5) ➡️  SEA_STL_6837_7194_(u=3350, v=20, w=5) ➡️  STL_SEA_7614_7836_(u=3582, v=21, w=6) ➡️  SEA_DFW_7967_8313_(u=3780, v=22, w=6) ➡️  DFW_SEA_8423_8562_(u=4012, v=23, w=6) ➡️  SEA_SFO_8995_9134_(u=4100, v=24, w=7) ➡️  SFO_JAC_9215_9444_(u=4249, v=25, w=7) ➡️  JAC_SFO_9493_9582_(u=4361, v=26, w=7) ➡️  SFO_PDX_9628_9744_(u=4457, v=27, w=7) ➡️  PDX_SFO_9826_9943_(u=4532, v=28, w=7) ➡️  t_(u=0, v=0, w=0)

🛩️ Aircraft N587AS path (30 nodes): s_(u=0, v=0, w=0) ➡️  N587AS_(u=0, v=0, w=1) ➡️  JNU_SEA_310_514_(u=116, v=1, w=1) ➡️  SEA_PHX_570_794_(u=257, v=2, w=1) ➡️  PHX_SEA_857_991_(u=422, v=3, w=1) ➡️  SEA_LAS_1064_1207_(u=532, v=4, w=1) ➡️  LAS_SFO_1317_1401_(u=598, v=5, w=1) ➡️  SFO_ORD_1859_2247_(u=830, v=6, w=2) ➡️  ORD_SFO_2309_2462_(u=1075, v=7, w=2) ➡️  SFO_AUS_2533_2855_(u=1252, v=8, w=2) ➡️  AUS_SFO_3432_3558_(u=1462, v=9, w=3) ➡️  SFO_SEA_3655_3795_(u=1571, v=10, w=3) ➡️  SEA_ATL_3841_4313_(u=1835, v=11, w=3) ➡️  ATL_SEA_4752_4910_(u=2122, v=12, w=4) ➡️  SEA_RDM_4991_5054_(u=2160, v=13, w=4) ➡️  RDM_SEA_5133_5199_(u=2208, v=14, w=4) ➡️  SEA_ANC_5295_5444_(u=2397, v=15, w=4) ➡️  ANC_SEA_5503_5765_(u=2578, v=16, w=4) ➡️  SEA_DAL_6207_6549_(u=2777, v=17, w=5) ➡️  DAL_SEA_6619_6766_(u=3027, v=18, w=5) ➡️  SEA_SNA_6813_6972_(u=3154, v=19, w=5) ➡️  SNA_SEA_7009_7192_(u=3308, v=20, w=5) ➡️  SEA_SNA_7578_7729_(u=3433, v=21, w=6) ➡️  SNA_SEA_7783_7960_(u=3593, v=22, w=6) ➡️  SEA_OAK_8006_8114_(u=3685, v=23, w=6) ➡️  OAK_SEA_8157_8285_(u=3784, v=24, w=6) ➡️  SEA_SMF_8335_8455_(u=3859, v=25, w=6) ➡️  SMF_SEA_8490_8613_(u=3962, v=26, w=6) ➡️  SEA_SNA_9008_9175_(u=4073, v=27, w=7) ➡️  SNA_SEA_9239_9448_(u=4258, v=28, w=7) ➡️  SEA_BUR_9508_9638_(u=4365, v=29, w=7) ➡️  BUR_SEA_9709_9913_(u=4527, v=30, w=7) ➡️  t_(u=0, v=0, w=0)

🛩️ Aircraft N284AK path (27 nodes): s_(u=0, v=0, w=0) ➡️  N284AK_(u=0, v=0, w=1) ➡️  PHX_PDX_356_453_(u=138, v=1, w=1) ➡️  PDX_FLL_541_1050_(u=449, v=2, w=1) ➡️  FLL_SFO_1118_1320_(u=802, v=3, w=1) ➡️  SFO_FLL_1383_1870_(u=1079, v=4, w=1) ➡️  FLL_PDX_2018_2231_(u=1440, v=5, w=2) ➡️  PDX_JFK_2322_2828_(u=1728, v=6, w=2) ➡️  JFK_PSP_3414_3583_(u=2053, v=7, w=3) ➡️  PSP_SEA_3697_3873_(u=2207, v=8, w=3) ➡️  SEA_PHX_4087_4345_(u=2343, v=9, w=3) ➡️  PHX_SEA_4706_4849_(u=2522, v=10, w=4) ➡️  SEA_DCA_4891_5368_(u=2793, v=11, w=4) ➡️  DCA_SEA_5437_5593_(u=3108, v=12, w=4) ➡️  SEA_LIH_6321_6593_(u=3469, v=13, w=5) ➡️  LIH_SEA_6647_7117_(u=3785, v=14, w=5) ➡️  SEA_PDX_7152_7210_(u=3814, v=15, w=5) ➡️  PDX_SEA_7495_7564_(u=3846, v=16, w=6) ➡️  SEA_PHX_7626_7841_(u=3981, v=17, w=6) ➡️  PHX_SEA_7908_8038_(u=4142, v=18, w=6) ➡️  SEA_PHX_8109_8330_(u=4278, v=19, w=6) ➡️  PHX_SEA_8407_8537_(u=4442, v=20, w=6) ➡️  SEA_ORD_8600_8957_(u=4650, v=21, w=6) ➡️  ORD_PDX_9026_9156_(u=4882, v=22, w=7) ➡️  PDX_SEA_9262_9310_(u=4914, v=23, w=7) ➡️  SEA_BOI_9372_9523_(u=4976, v=24, w=7) ➡️  BOI_SEA_9582_9616_(u=5050, v=25, w=7) ➡️  SEA_LIH_9718_9994_(u=5395, v=26, w=7) ➡️  LIH_SAN_10060_10521_(u=5714, v=27, w=7) ➡️  t_(u=0, v=0, w=0)

🛩️ Aircraft N320AS path (27 nodes): s_(u=0, v=0, w=0) ➡️  N320AS_(u=3043, v=26, w=6) ➡️  SJC_SEA_364_507_(u=3149, v=27, w=6) ➡️  SEA_ANC_582_739_(u=3343, v=28, w=6) ➡️  ANC_SEA_1062_1344_(u=3531, v=29, w=6) ➡️  SEA_ORD_1401_1741_(u=3734, v=30, w=6) ➡️  ORD_SEA_1807_1944_(u=3962, v=31, w=7) ➡️  SEA_ANC_2030_2168_(u=4138, v=32, w=7) ➡️  ANC_CDV_2249_2310_(u=4175, v=33, w=7) ➡️  CDV_YAK_2357_2404_(u=4213, v=34, w=7) ➡️  YAK_JNU_2447_2500_(u=4247, v=35, w=7) ➡️  JNU_SEA_2569_2776_(u=4364, v=36, w=7) ➡️  SEA_LAS_3342_3511_(u=4492, v=37, w=8) ➡️  LAS_SEA_3563_3728_(u=4627, v=38, w=8) ➡️  SEA_LAS_3857_4005_(u=4751, v=39, w=8) ➡️  LAS_SEA_4086_4272_(u=4895, v=40, w=8) ➡️  SEA_PHX_4668_4915_(u=5032, v=41, w=9) ➡️  PHX_SEA_4965_5107_(u=5207, v=42, w=9) ➡️  SEA_SAN_5176_5324_(u=5332, v=43, w=9) ➡️  SAN_SEA_5397_5572_(u=5484, v=44, w=9) ➡️  SEA_SLC_6187_6360_(u=5576, v=45, w=10) ➡️  SLC_SEA_6449_6557_(u=5688, v=46, w=10) ➡️  SEA_PHX_6669_6910_(u=5821, v=47, w=10) ➡️  PHX_SEA_6965_7117_(u=6000, v=48, w=10) ➡️  SEA_LIH_7702_8038_(u=332, v=1, w=1) ➡️  LIH_SEA_8108_8604_(u=672, v=2, w=1) ➡️  SEA_SAN_9117_9279_(u=786, v=3, w=2) ➡️  SAN_MCO_9359_9801_(u=1022, v=4, w=2) ➡️  MCO_SEA_9867_10065_(u=1368, v=5, w=2) ➡️  t_(u=0, v=0, w=0)

🛩️ Aircraft N277AK path (28 nodes): s_(u=0, v=0, w=0) ➡️  N277AK_(u=0, v=0, w=1) ➡️  SEA_FAT_375_503_(u=113, v=1, w=1) ➡️  FAT_SEA_559_687_(u=221, v=2, w=1) ➡️  SEA_ANC_799_933_(u=399, v=3, w=1) ➡️  ANC_SEA_1660_1931_(u=590, v=4, w=2) ➡️  SEA_IAD_2038_2527_(u=862, v=5, w=2) ➡️  IAD_SEA_2584_2741_(u=1171, v=6, w=2) ➡️  SEA_ANC_2874_3028_(u=1364, v=7, w=2) ➡️  ANC_SEA_3102_3363_(u=1538, v=8, w=3) ➡️  SEA_ANC_3462_3616_(u=1726, v=9, w=3) ➡️  ANC_JNU_4064_4188_(u=1819, v=10, w=3) ➡️  JNU_SIT_4227_4276_(u=1842, v=11, w=3) ➡️  SIT_JNU_4672_4708_(u=1865, v=12, w=4) ➡️  JNU_ANC_4773_4879_(u=1953, v=13, w=4) ➡️  ANC_BET_4949_5073_(u=2010, v=14, w=4) ➡️  BET_ANC_5111_5186_(u=2071, v=15, w=4) ➡️  ANC_JNU_6410_6511_(u=2154, v=16, w=5) ➡️  JNU_PSG_6558_6607_(u=2184, v=17, w=5) ➡️  PSG_WRG_6650_6684_(u=2200, v=18, w=5) ➡️  WRG_KTN_6726_6760_(u=2222, v=19, w=5) ➡️  KTN_SEA_6808_6973_(u=2312, v=20, w=5) ➡️  SEA_SMF_7089_7200_(u=2398, v=21, w=5) ➡️  SMF_SEA_7553_7682_(u=2494, v=22, w=6) ➡️  SEA_FLL_7746_8300_(u=2814, v=23, w=6) ➡️  FLL_SEA_8359_8570_(u=3173, v=24, w=6) ➡️  SEA_MSP_9120_9435_(u=3348, v=25, w=7) ➡️  MSP_SEA_9512_9628_(u=3538, v=26, w=7) ➡️  SEA_PHX_9672_9885_(u=3672, v=27, w=7) ➡️  PHX_SEA_9941_10089_(u=3856, v=28, w=7) ➡️  t_(u=0, v=0, w=0)

🛠️ Maintenance at node SEA_PHX_8018_8241 by aircraft N585AS | ρ=0; λ=5; φ=0
🛠️ Maintenance at node SEA_LIH_7702_8038 by aircraft N320AS | ρ=0; λ=2; φ=0

Nombre de maintenances au total: 2.0
Stations de maintenance utilisées: Any["SEA"]
Nombre de stations de maintenance utilisées: 1
