INSTANCE 196FL_7A_7
PREPROCESSING : false
-----------------------INSTANCE 196FL_7A_7--------------------------
Gurobi 12.0.2 (linux64) logging started Sun Nov 30 17:18:47 2025

Set parameter LogFile to value "RESULTS_EXP/A_MTN_2/FH_DY_MAX/result_196FL_7A_7_without_prep.txt"
Set parameter LogToConsole to value 0

Gurobi 12.0.2 (linux64) logging started Sun Nov 30 17:18:50 2025

Set parameter LogFile to value "RESULTS_EXP/A_MTN_2/FH_DY_MAX/result_196FL_7A_7_without_prep.txt"
Gurobi Optimizer version 12.0.2 build v12.0.2rc0 (linux64 - "AlmaLinux 9.6 (Sage Margay)")

CPU model: Intel(R) Xeon(R) 6972P, instruction set [SSE2|AVX|AVX2|AVX512]
Thread count: 192 physical cores, 192 logical processors, using up to 8 threads

Non-default parameters:
TimeLimit  7200
LogToConsole  0
Threads  8

Optimize a model with 6153 rows, 1752 columns and 22852 nonzeros
Model fingerprint: 0x50a2e937
Variable types: 510 continuous, 1242 integer (1142 binary)
Coefficient statistics:
  Matrix range     [1e+00, 6e+03]
  Objective range  [1e+00, 1e+03]
  Bounds range     [1e+01, 6e+03]
  RHS range        [1e+00, 6e+03]
Presolve removed 1984 rows and 651 columns
Presolve time: 0.06s
Presolved: 4169 rows, 1101 columns, 24438 nonzeros
Variable types: 229 continuous, 872 integer (803 binary)

Root relaxation: objective 0.000000e+00, 597 iterations, 0.02 seconds (0.02 work units)

    Nodes    |    Current Node    |     Objective Bounds      |     Work
 Expl Unexpl |  Obj  Depth IntInf | Incumbent    BestBd   Gap | It/Node Time

     0     0    0.00000    0    2          -    0.00000      -     -    0s
H    0     0                    11926.000000    0.00000   100%     -    0s
H    0     0                    6444.0000000    0.00000   100%     -    0s
H    0     0                    1723.0000000    0.00000   100%     -    0s
     0     0    0.00000    0   14 1723.00000    0.00000   100%     -    0s
H    0     0                    1558.0000000    0.00000   100%     -    0s
     0     0    0.00000    0    2 1558.00000    0.00000   100%     -    0s
H    0     0                    1149.0000000    0.00000   100%     -    0s
     0     0    0.00000    0    5 1149.00000    0.00000   100%     -    0s
     0     0    0.00000    0    5 1149.00000    0.00000   100%     -    0s
     0     0    0.00000    0    5 1149.00000    0.00000   100%     -    0s
     0     2    0.00000    0    5 1149.00000    0.00000   100%     -    0s
H   29    55                     507.0000000    0.00000   100%  36.8    0s
H   99   117                     183.0000000    0.00000   100%  39.4    0s
H  329   382                     181.0000000    0.00000   100%  33.2    0s
H  561   382                     168.0000000    0.00000   100%  31.1    0s
H  588   635                      70.0000000    0.00000   100%  31.6    0s
H  987   797                      13.0000000    0.00000   100%  31.9    1s
H 1597   923                      11.0000000    0.00000   100%  29.9    1s
H 3636  1535                      11.0000000    0.00000   100%  36.6    4s
H 4016  1348                      10.9816854    0.00000   100%  41.2    4s
  5686  1251    0.00000   46   21   10.98169    0.00000   100%  51.1    5s
H 6506  1154                      10.0000000    0.00000   100%  53.6    5s
H 6662  1241                       9.0000000    0.00000   100%  53.5    6s
H 8389  1517                       3.0000000    0.00000   100%  58.2    6s
H11902  1983                       3.0000000    0.00000   100%  64.4    9s
 12916  2111 infeasible   59         3.00000    0.00000   100%  66.5   10s
 21596  2287 infeasible   55         3.00000    0.00000   100%  63.6   15s
 35098  3358    0.00000   55   19    3.00000    0.00000   100%  61.0   20s
 45758  4255 infeasible   66         3.00000    0.00000   100%  61.5   25s
 54180  2703 infeasible   59         3.00000    0.00000   100%  66.9   30s
 58719  2413 infeasible   65         3.00000    0.00000   100%  68.6   36s
H63054  2709                       3.0000000    0.00000   100%  69.2   38s
 67287  2995    0.00000   62   34    3.00000    0.00000   100%  69.9   40s
 75590  3693 infeasible   74         3.00000    0.00000   100%  72.1   45s
 82868  2978    0.00000   74    6    3.00000    0.00000   100%  74.5   50s
H83131  2708                       1.0000000    0.00000   100%  74.6   50s
H84122  2739                       1.0000000    0.00000   100%  75.0   50s
H87901  3062                       1.0000000    0.00000   100%  76.1   52s
 90694  3299    0.00000   75    5    1.00000    0.00000   100%  77.0   55s
 99437  3881    0.00000   79   20    1.00000    0.00000   100%  79.3   60s
 106734  4194    0.00000   83   31    1.00000    0.00000   100%  80.1   65s
 116939  2596 infeasible   88         1.00000    0.00000   100%  81.2   70s
 127049  3237 infeasible   96         1.00000    0.00000   100%  81.5   75s
 137490  3674    0.00000   85   27    1.00000    0.00000   100%  81.8   80s
 147456  3960    0.00000   89   36    1.00000    0.00000   100%  81.9   85s
 157784  4111 infeasible   91         1.00000    0.00000   100%  82.0   90s
 170042  4207    0.00000   97    8    1.00000    0.00000   100%  82.0   95s
 181423  4009    0.00000   94   45    1.00000    0.00000   100%  81.7  100s
 191205  3907    0.00000   81   25    1.00000    0.00000   100%  81.7  105s
 198753  3674 infeasible   87         1.00000    0.00000   100%  81.7  112s
 211883  3680 infeasible   98         1.00000    0.00000   100%  81.9  115s
 215640  3558    0.00000   93   30    1.00000    0.00000   100%  81.9  120s
 230819  3588    0.00000   88   11    1.00000    0.00000   100%  82.1  125s
 242264  3580 infeasible   97         1.00000    0.00000   100%  82.0  130s
 252768  3671    0.00000   88   13    1.00000    0.00000   100%  82.1  135s
 264547  3520    0.00000   96   31    1.00000    0.00000   100%  82.1  140s
 276322  3436 infeasible   98         1.00000    0.00000   100%  81.9  145s
 286832  3522    0.00000   96   30    1.00000    0.00000   100%  81.7  150s
 298515  3538 infeasible   90         1.00000    0.00000   100%  81.7  155s
H304311  3506                       1.0000000    0.00000   100%  81.7  158s
 309123  3525    0.00000   98   21    1.00000    0.00000   100%  81.6  160s
 320165  3371    0.00000   88   12    1.00000    0.00000   100%  81.5  165s
 331330  3333 infeasible   98         1.00000    0.00000   100%  81.5  170s
 343441  3511    0.00000   91   11    1.00000    0.00000   100%  81.3  175s
 354041  3470 infeasible   87         1.00000    0.00000   100%  81.2  180s
H355296  3456                       1.0000000    0.00000   100%  81.2  180s
 366917  3519    0.00000  108   16    1.00000    0.00000   100%  81.0  185s
 378366  3453    0.00000  101   19    1.00000    0.00000   100%  81.1  190s
 389451  3329 infeasible   88         1.00000    0.00000   100%  81.1  195s
H390881  3311                       1.0000000    0.00000   100%  81.0  195s
 400186  3464    0.00000   95   23    1.00000    0.00000   100%  81.0  200s
 413065  3570 infeasible   87         1.00000    0.00000   100%  80.9  205s
 424625  3475    0.00000   82   14    1.00000    0.00000   100%  80.9  210s
 435750  3261    0.00000   90   22    1.00000    0.00000   100%  81.0  215s
 445848  3294    0.00000   93   26    1.00000    0.00000   100%  80.9  220s
 456950  3282 infeasible   90         1.00000    0.00000   100%  81.1  225s
 467625  3211    0.00000   90   12    1.00000    0.00000   100%  81.0  230s
H475941  3161                       1.0000000    0.00000   100%  81.2  233s
 478607  3221    0.00000   84   41    1.00000    0.00000   100%  81.2  235s
 490092  3412 infeasible   98         1.00000    0.00000   100%  81.1  240s
 500915  3649    0.00000   78    7    1.00000    0.00000   100%  81.1  245s
 512487  3859    0.00000   88   16    1.00000    0.00000   100%  80.9  250s
 526418  3856    0.00000   88    7    1.00000    0.00000   100%  80.7  255s
 539613  3661    0.00000   86   23    1.00000    0.00000   100%  80.4  260s
 550804  3500 infeasible   88         1.00000    0.00000   100%  80.2  265s
 562570  3711    0.00000   92   25    1.00000    0.00000   100%  80.0  270s
 574339  4144 infeasible   98         1.00000    0.00000   100%  80.0  275s
 585299  4760    0.00000   78   34    1.00000    0.00000   100%  80.1  280s
 596661  4952    0.00000   89   22    1.00000    0.00000   100%  80.1  285s
 609117  5118    0.00000   77    2    1.00000    0.00000   100%  79.9  290s
 619128  5220    0.00000   87    9    1.00000    0.00000   100%  79.8  295s
 631665  5083 infeasible   98         1.00000    0.00000   100%  79.8  300s
 642083  4966    0.00000   92   47    1.00000    0.00000   100%  79.9  305s
 653046  4997 infeasible   91         1.00000    0.00000   100%  79.9  310s
 664913  4857 infeasible   97         1.00000    0.00000   100%  79.9  315s
 674593  5192    0.00000   96   27    1.00000    0.00000   100%  79.9  320s
 688474  5679    0.00000   97   11    1.00000    0.00000   100%  79.9  325s
 700221  5850 infeasible   99         1.00000    0.00000   100%  79.9  330s
 711591  6012    0.00000   89   12    1.00000    0.00000   100%  80.0  335s
 721769  6031 infeasible   97         1.00000    0.00000   100%  80.1  340s
 733742  5998 infeasible   86         1.00000    0.00000   100%  80.2  345s
 743408  5894 infeasible   98         1.00000    0.00000   100%  80.3  350s
 755467  5738 infeasible   98         1.00000    0.00000   100%  80.4  355s
 766010  5587    0.00000   84   28    1.00000    0.00000   100%  80.5  360s
 777913  5562    0.00000   87    5    1.00000    0.00000   100%  80.6  365s
 788310  5575 infeasible   93         1.00000    0.00000   100%  80.6  370s
 799052  5431 infeasible   88         1.00000    0.00000   100%  80.7  375s
 810596  5315    0.00000   98    7    1.00000    0.00000   100%  80.8  380s
 823281  5489    0.00000   98    7    1.00000    0.00000   100%  80.8  385s
 834833  5389 infeasible  108         1.00000    0.00000   100%  80.7  390s
 847110  5421    0.00000   83   27    1.00000    0.00000   100%  80.6  395s
 861047  5324    0.00000   98    9    1.00000    0.00000   100%  80.6  400s
 872513  5244    0.00000   91   28    1.00000    0.00000   100%  80.5  405s
 884126  5231    0.00000   95   24    1.00000    0.00000   100%  80.5  410s
 897528  5327    0.00000   98    7    1.00000    0.00000   100%  80.4  415s
 908698  5341    0.00000   98    8    1.00000    0.00000   100%  80.4  420s
 920836  5297    0.00000   97    7    1.00000    0.00000   100%  80.4  425s
 932969  5306    0.00000   98    4    1.00000    0.00000   100%  80.3  430s
 946326  5362    0.00000   97    6    1.00000    0.00000   100%  80.2  435s
 959048  5363    0.00000   90   25    1.00000    0.00000   100%  80.2  440s
 970896  5311 infeasible   97         1.00000    0.00000   100%  80.1  445s
 984378  5194 infeasible   97         1.00000    0.00000   100%  80.0  450s
 996051  5453    0.00000   93   23    1.00000    0.00000   100%  80.0  455s
 1010731  5457    0.00000   97    7    1.00000    0.00000   100%  79.8  460s
H1011909  5429                       1.0000000    0.00000   100%  79.8  460s
 1022690  5255 infeasible   99         1.00000    0.00000   100%  79.8  465s
 1035168  5147    0.00000   92   17    1.00000    0.00000   100%  79.7  470s
H1035437  5147                       1.0000000    0.00000   100%  79.7  470s
 1045966  5130    0.00000   95   22    1.00000    0.00000   100%  79.7  475s
 1058315  5219    0.00000   94   27    1.00000    0.00000   100%  79.6  480s
 1069256  5310    0.00000   97    2    1.00000    0.00000   100%  79.6  485s
 1080459  5285    0.00000   87    2    1.00000    0.00000   100%  79.6  490s
 1094748  5187    0.00000   97    7    1.00000    0.00000   100%  79.6  495s
 1106542  5113 infeasible   96         1.00000    0.00000   100%  79.5  500s
 1119068  5146 infeasible   96         1.00000    0.00000   100%  79.5  505s
 1128815  4839    0.00000   88   22    1.00000    0.00000   100%  79.5  511s
 1142057  4901 infeasible   99         1.00000    0.00000   100%  79.5  515s
 1153735  4825    0.00000   82   21    1.00000    0.00000   100%  79.5  520s
 1164961  4762 infeasible   93         1.00000    0.00000   100%  79.5  525s
 1176808  4657 infeasible  100         1.00000    0.00000   100%  79.6  530s
 1186978  4563 infeasible   95         1.00000    0.00000   100%  79.6  535s
 1197861  4537    0.00000   94   27    1.00000    0.00000   100%  79.6  540s
 1208343  4804    0.00000   97   10    1.00000    0.00000   100%  79.8  545s
 1218983  4892    0.00000   95   25    1.00000    0.00000   100%  79.8  550s
 1231446  5040    0.00000   90   10    1.00000    0.00000   100%  79.8  555s
 1241887  4973 infeasible   92         1.00000    0.00000   100%  79.8  560s
 1254772  4948 infeasible  106         1.00000    0.00000   100%  79.7  565s
 1266893  4852    0.00000   98   13    1.00000    0.00000   100%  79.7  570s
 1277725  4796 infeasible   97         1.00000    0.00000   100%  79.7  575s
H1279287  4838                       1.0000000    0.00000   100%  79.7  575s
 1290055  4782    0.00000   98   20    1.00000    0.00000   100%  79.7  580s
 1301539  4697 infeasible   91         1.00000    0.00000   100%  79.7  585s
 1312520  4658 infeasible   94         1.00000    0.00000   100%  79.7  590s
 1323178  4796    0.00000   91   22    1.00000    0.00000   100%  79.8  595s
 1335302  4651    0.00000   86   51    1.00000    0.00000   100%  79.8  600s
 1345858  4560 infeasible   93         1.00000    0.00000   100%  79.9  605s
H1358529  4984                       1.0000000    0.00000   100%  79.8  609s
 1358563  5021    0.00000   78    8    1.00000    0.00000   100%  79.8  610s
 1372034  5056    0.00000   92   32    1.00000    0.00000   100%  79.6  615s
 1388941  5245 infeasible   94         1.00000    0.00000   100%  79.4  620s
 1401879  5309 infeasible  108         1.00000    0.00000   100%  79.3  625s
 1414987  5257 infeasible   87         1.00000    0.00000   100%  79.3  630s
 1426091  5218 infeasible   97         1.00000    0.00000   100%  79.4  635s
 1437305  5183    0.00000   88    9    1.00000    0.00000   100%  79.4  640s
 1448964  5096    0.00000   93   11    1.00000    0.00000   100%  79.5  645s
 1459234  5090 infeasible   96         1.00000    0.00000   100%  79.5  650s
 1471699  5021    0.00000   90   32    1.00000    0.00000   100%  79.5  655s
H1472118  5021                       0.9999999    0.00000   100%  79.5  655s
H1473438  4988                       0.9999999    0.00000   100%  79.5  656s
 1483474  4990 infeasible   88         1.00000    0.00000   100%  79.4  660s
 1497059  5028 infeasible   92         1.00000    0.00000   100%  79.4  665s
 1508465  4995 infeasible   89         1.00000    0.00000   100%  79.4  670s
 1520635  4873    0.00000   90   32    1.00000    0.00000   100%  79.3  675s
 1534474  4794    0.00000   95   23    1.00000    0.00000   100%  79.3  680s
 1545501  4981 infeasible   98         1.00000    0.00000   100%  79.3  685s
 1557229  5172 infeasible   94         1.00000    0.00000   100%  79.2  690s
 1569629  5666 infeasible  102         1.00000    0.00000   100%  79.2  695s
 1579428  5771 infeasible  108         1.00000    0.00000   100%  79.3  700s
 1590823  5662    0.00000   96   32    1.00000    0.00000   100%  79.3  705s
 1600777  5526 infeasible   96         1.00000    0.00000   100%  79.4  710s
 1612022  5504    0.00000   86   42    1.00000    0.00000   100%  79.4  715s
 1623200  5418 infeasible  101         1.00000    0.00000   100%  79.4  720s
 1633110  5335    0.00000   93   26    1.00000    0.00000   100%  79.5  725s
 1643407  5252    0.00000   98   20    1.00000    0.00000   100%  79.5  730s
 1653853  5152    0.00000   92   25    1.00000    0.00000   100%  79.5  735s
 1665848  5082 infeasible   82         1.00000    0.00000   100%  79.5  740s
 1677232  5090    0.00000   87    4    1.00000    0.00000   100%  79.5  745s
 1689593  5056    0.00000   88   17    1.00000    0.00000   100%  79.5  750s
 1702137  4958    0.00000   91   23    1.00000    0.00000   100%  79.4  755s
 1714892  4926    0.00000   89   15    1.00000    0.00000   100%  79.4  760s
 1728436  4903    0.00000  100   35    1.00000    0.00000   100%  79.3  765s
 1738359  5059    0.00000   93   21    1.00000    0.00000   100%  79.3  770s
 1750054  5098 infeasible   92         1.00000    0.00000   100%  79.3  775s
 1761246  4971    0.00000   94   23    1.00000    0.00000   100%  79.3  780s
 1772092  4844    0.00000   96   23    1.00000    0.00000   100%  79.3  785s
 1785068  4908    0.00000   88   14    1.00000    0.00000   100%  79.3  790s
 1796290  4764    0.00000   97    4    1.00000    0.00000   100%  79.3  795s
 1807669  4726 infeasible   86         1.00000    0.00000   100%  79.3  800s
 1821753  4644 infeasible   98         1.00000    0.00000   100%  79.3  805s
 1833550  4736    0.00000   93   25    1.00000    0.00000   100%  79.3  810s
 1844916  4939 infeasible   98         1.00000    0.00000   100%  79.2  815s
 1855812  4819 infeasible  106         1.00000    0.00000   100%  79.2  820s
 1868278  4705 infeasible  105         1.00000    0.00000   100%  79.2  825s
 1879635  4576 infeasible  103         1.00000    0.00000   100%  79.3  830s
 1891786  4533 infeasible   90         1.00000    0.00000   100%  79.3  835s
 1902619  4643    0.00000   88    5    1.00000    0.00000   100%  79.3  840s
 1917110  4901 infeasible  108         1.00000    0.00000   100%  79.2  845s
 1932339  5015    0.00000   96   28    1.00000    0.00000   100%  79.1  850s
 1947557  5032    0.00000   92   23    1.00000    0.00000   100%  78.9  855s
 1963843  4907    0.00000   98   11    1.00000    0.00000   100%  78.7  860s
 1981151  4709    0.00000   91   20    1.00000    0.00000   100%  78.5  865s
 1997447  4827    0.00000   91   28    1.00000    0.00000   100%  78.3  870s
 2013203  4738 infeasible   97         1.00000    0.00000   100%  78.2  875s
 2027816  4603    0.00000   89   11    1.00000    0.00000   100%  78.1  880s
 2041340  4567    0.00000   86   22    1.00000    0.00000   100%  78.0  885s
 2057624  4637 infeasible   94         1.00000    0.00000   100%  77.9  890s
 2074318  4534    0.00000   98   12    1.00000    0.00000   100%  77.7  895s
 2086096  5333 infeasible   88         1.00000    0.00000   100%  77.7  900s
 2098498  6106    0.00000   84   27    1.00000    0.00000   100%  77.7  905s
 2108996  7218    0.00000   97    5    1.00000    0.00000   100%  77.8  910s
 2118139  7866    0.00000   83   27    1.00000    0.00000   100%  77.8  915s
 2128792  8434 infeasible   88         1.00000    0.00000   100%  77.9  920s
 2142131  8768 infeasible   98         1.00000    0.00000   100%  77.8  925s
 2153883  8851    0.00000   98   16    1.00000    0.00000   100%  77.8  930s
 2165830  8819    0.00000   96   23    1.00000    0.00000   100%  77.8  935s
 2177892  8657    0.00000   90    9    1.00000    0.00000   100%  77.8  940s
 2189070  8677    0.00000   98    6    1.00000    0.00000   100%  77.8  945s
H2192329  8753                       0.9999999    0.00000   100%  77.9  946s
 2199797  8804 infeasible   87         1.00000    0.00000   100%  77.9  950s
 2210846  8723    0.00000   96   30    1.00000    0.00000   100%  77.9  955s
 2222129  8587    0.00000  100   45    1.00000    0.00000   100%  77.9  960s
 2233900  8552    0.00000   98    9    1.00000    0.00000   100%  77.9  965s
 2245562  8910    0.00000   94   27    1.00000    0.00000   100%  77.9  970s
H2255798  8914                       0.9999999    0.00000   100%  77.9  974s
 2257070  8877    0.00000   91   18    1.00000    0.00000   100%  77.9  975s
 2269283  9004    0.00000   94   28    1.00000    0.00000   100%  77.9  980s
 2280047  9167 infeasible  100         1.00000    0.00000   100%  78.0  985s
 2291541  9100    0.00000   97   23    1.00000    0.00000   100%  78.0  990s
 2303004  9032    0.00000   93   23    1.00000    0.00000   100%  78.0  995s
 2315366  8847    0.00000   98    7    1.00000    0.00000   100%  78.0 1000s
 2326778  8768 infeasible  107         1.00000    0.00000   100%  78.0 1005s
 2339136  8728    0.00000   88    8    1.00000    0.00000   100%  78.0 1010s
 2350974  8708 infeasible   96         1.00000    0.00000   100%  78.0 1015s
 2363967  8626    0.00000   98   17    1.00000    0.00000   100%  77.9 1020s
 2376329  8638    0.00000   99   28    1.00000    0.00000   100%  77.9 1025s
 2388545  8648    0.00000   88   19    1.00000    0.00000   100%  77.9 1030s
 2400382  8839    0.00000  107   11    1.00000    0.00000   100%  77.9 1035s
 2412365  8746    0.00000   90   35    1.00000    0.00000   100%  77.9 1040s
 2424113  8505    0.00000   97    5    1.00000    0.00000   100%  77.9 1045s
 2435433  8442 infeasible   95         1.00000    0.00000   100%  77.9 1050s
 2447543  8332 infeasible   92         1.00000    0.00000   100%  78.0 1055s
 2457935  8278 infeasible   94         1.00000    0.00000   100%  78.0 1060s
 2470724  8248    0.00000   82   40    1.00000    0.00000   100%  78.0 1065s
 2481976  8227    0.00000  100   27    1.00000    0.00000   100%  77.9 1070s
 2494147  8267 infeasible   88         1.00000    0.00000   100%  77.9 1075s
 2507016  8646    0.00000   96   39    1.00000    0.00000   100%  77.9 1080s
 2518793  8836 infeasible   95         1.00000    0.00000   100%  77.9 1085s
 2529309  8746 infeasible   96         1.00000    0.00000   100%  78.0 1090s
 2540639  8617 infeasible   96         1.00000    0.00000   100%  78.0 1095s
 2552445  8633 infeasible   97         1.00000    0.00000   100%  78.0 1100s
 2564479  8551 infeasible  104         1.00000    0.00000   100%  77.9 1105s
 2578046  8554 infeasible   98         1.00000    0.00000   100%  77.9 1110s
 2590518  8703    0.00000   96   45    1.00000    0.00000   100%  77.9 1115s
 2601007  8657 infeasible   88         1.00000    0.00000   100%  77.9 1120s
 2612820  8377    0.00000   82   24    1.00000    0.00000   100%  77.9 1125s
 2624207  8163    0.00000  105   33    1.00000    0.00000   100%  77.9 1130s
 2635719  8195    0.00000   92   18    1.00000    0.00000   100%  77.9 1135s
 2647503  8165 infeasible   98         1.00000    0.00000   100%  77.9 1140s
 2659746  8017 infeasible  108         1.00000    0.00000   100%  78.0 1145s
 2669405  8029    0.00000   98   20    1.00000    0.00000   100%  78.0 1150s
 2679639  8257 infeasible   88         1.00000    0.00000   100%  78.1 1155s
 2691678  8529 infeasible   97         1.00000    0.00000   100%  78.1 1160s
 2703421  8882 infeasible  102         1.00000    0.00000   100%  78.1 1165s
 2715488  8780    0.00000   94   19    1.00000    0.00000   100%  78.0 1170s
 2728946  8670 infeasible   88         1.00000    0.00000   100%  78.0 1175s
 2739064  8610    0.00000   97    4    1.00000    0.00000   100%  78.1 1180s
 2749926  8515    0.00000   75   24    1.00000    0.00000   100%  78.1 1185s
 2762232  8559 infeasible   90         1.00000    0.00000   100%  78.1 1190s
 2779413  8619 infeasible   87         1.00000    0.00000   100%  78.0 1195s
 2799563  8807     cutoff   91         1.00000    0.00000   100%  77.8 1200s
 2821749  8703     cutoff   98         1.00000    0.00000   100%  77.6 1205s
 2841250  8494    0.00000  102   25    1.00000    0.00000   100%  77.3 1210s
 2857909  9020    0.00000   94   13    1.00000    0.00000   100%  77.3 1215s
 2869531  9512    0.00000   96   36    1.00000    0.00000   100%  77.3 1220s
 2881184  9709 infeasible   98         1.00000    0.00000   100%  77.3 1225s
 2892106  9796 infeasible   90         1.00000    0.00000   100%  77.4 1230s
 2902990 10091    0.00000   98   18    1.00000    0.00000   100%  77.4 1235s
 2913067 10327    0.00000   91   13    1.00000    0.00000   100%  77.5 1240s
 2925663 10324 infeasible   89         1.00000    0.00000   100%  77.5 1245s
 2935281 10245 infeasible   86         1.00000    0.00000   100%  77.5 1250s
 2945624 10140 infeasible   97         1.00000    0.00000   100%  77.6 1255s
 2958223 10057    0.00000   85   19    1.00000    0.00000   100%  77.6 1260s
 2968739 10061 infeasible   88         1.00000    0.00000   100%  77.7 1265s
 2979853 10029 infeasible  100         1.00000    0.00000   100%  77.7 1270s
 2992070 10044    0.00000   90   13    1.00000    0.00000   100%  77.7 1275s
H3002834 10027                       0.9999999    0.00000   100%  77.8 1280s
 3013174  9976    0.00000   93   13    1.00000    0.00000   100%  77.8 1285s
 3025953  9886    0.00000   88   10    1.00000    0.00000   100%  77.8 1290s
 3036488  9665 infeasible  100         1.00000    0.00000   100%  77.9 1295s
 3042540  9423    0.00000   85   10    1.00000    0.00000   100%  77.9 1300s
 3057856  9364 infeasible   88         1.00000    0.00000   100%  77.9 1305s
 3070106  9390    0.00000   92   14    1.00000    0.00000   100%  78.0 1310s
 3081444  9361 infeasible   89         1.00000    0.00000   100%  78.0 1315s
 3092614  9323 infeasible  101         1.00000    0.00000   100%  78.0 1320s
 3102662  9642 infeasible   89         1.00000    0.00000   100%  78.0 1325s
 3116364  9766 infeasible   94         1.00000    0.00000   100%  78.0 1330s
 3128737  9833    0.00000   87    5    1.00000    0.00000   100%  78.0 1335s
 3141073  9848 infeasible   95         1.00000    0.00000   100%  78.1 1340s
 3151894  9743    0.00000   92   39    1.00000    0.00000   100%  78.1 1345s
 3163158  9548    0.00000   88    2    1.00000    0.00000   100%  78.1 1350s
 3174310  9499    0.00000   94   33    1.00000    0.00000   100%  78.1 1355s
 3185176  9279 infeasible   87         1.00000    0.00000   100%  78.2 1360s
 3197301  9360 infeasible   95         1.00000    0.00000   100%  78.2 1365s
 3207972  9324 infeasible   96         1.00000    0.00000   100%  78.2 1370s
 3218986  9307    0.00000   98   15    1.00000    0.00000   100%  78.3 1375s
 3230163  9473 infeasible   94         1.00000    0.00000   100%  78.3 1380s
 3242894  9458    0.00000  107   11    1.00000    0.00000   100%  78.3 1385s
 3254896  9387    0.00000   92   36    1.00000    0.00000   100%  78.3 1390s
 3265424  9260 infeasible   88         1.00000    0.00000   100%  78.3 1395s
 3277868  9223 infeasible   94         1.00000    0.00000   100%  78.3 1400s
 3289571  9274 infeasible   96         1.00000    0.00000   100%  78.3 1405s
 3302786  9305    0.00000   95   46    1.00000    0.00000   100%  78.4 1410s
 3313843  9322    0.00000  101   37    1.00000    0.00000   100%  78.4 1415s
 3325022  9174 infeasible   93         1.00000    0.00000   100%  78.4 1420s
 3338919  9352    0.00000   98   23    1.00000    0.00000   100%  78.4 1425s
 3350230  9438 infeasible   92         1.00000    0.00000   100%  78.4 1430s
 3361033  9548 infeasible   85         1.00000    0.00000   100%  78.4 1435s
 3372784  9403    0.00000   88   11    1.00000    0.00000   100%  78.5 1440s
H3384901  9277                       0.9999998    0.00000   100%  78.5 1444s
 3384994  9241 infeasible   88         1.00000    0.00000   100%  78.5 1445s
 3395372  9165    0.00000   87    9    1.00000    0.00000   100%  78.5 1450s
 3407915  9477    0.00000   91   25    1.00000    0.00000   100%  78.5 1455s
 3419143  9671    0.00000   85   28    1.00000    0.00000   100%  78.5 1460s
 3429973  9553 infeasible   87         1.00000    0.00000   100%  78.6 1465s
 3441748  9451    0.00000   96   22    1.00000    0.00000   100%  78.6 1470s
 3453430  9267    0.00000   95   34    1.00000    0.00000   100%  78.6 1475s
 3466326  9182 infeasible   96         1.00000    0.00000   100%  78.6 1480s
 3476588  9144    0.00000   89   22    1.00000    0.00000   100%  78.6 1485s
 3488421  9072    0.00000   98   14    1.00000    0.00000   100%  78.6 1490s
 3500688  9032 infeasible  105         1.00000    0.00000   100%  78.6 1495s
 3513252  9247 infeasible   97         1.00000    0.00000   100%  78.6 1500s
 3523089  9371    0.00000   87    6    1.00000    0.00000   100%  78.6 1505s
 3532931  9407 infeasible   91         1.00000    0.00000   100%  78.7 1510s
 3547262  9361    0.00000   96   24    1.00000    0.00000   100%  78.7 1515s
 3557555  9198 infeasible   92         1.00000    0.00000   100%  78.7 1520s
 3568611  9176 infeasible  101         1.00000    0.00000   100%  78.7 1525s
 3585268  9201    0.00000   98   18    1.00000    0.00000   100%  78.6 1530s
 3598006  9076 infeasible   93         1.00000    0.00000   100%  78.6 1535s
 3612085  8957    0.00000  100   25    1.00000    0.00000   100%  78.6 1540s
 3623166  9094    0.00000   88   16    1.00000    0.00000   100%  78.6 1545s
 3634799  9360    0.00000   84   47    1.00000    0.00000   100%  78.6 1550s
 3646105  9426    0.00000   88    4    1.00000    0.00000   100%  78.6 1555s
 3657192  9326    0.00000   89   10    1.00000    0.00000   100%  78.6 1560s
 3667796  9262    0.00000   88   33    1.00000    0.00000   100%  78.7 1565s
 3679772  9170    0.00000   87    2    1.00000    0.00000   100%  78.7 1570s
 3690899  9159    0.00000   92   22    1.00000    0.00000   100%  78.7 1575s
 3702386  9168 infeasible   94         1.00000    0.00000   100%  78.7 1580s
 3714508  9057 infeasible   86         1.00000    0.00000   100%  78.7 1585s
 3727023  8874 infeasible   95         1.00000    0.00000   100%  78.7 1590s
 3734424  8839    0.00000   77    5    1.00000    0.00000   100%  78.7 1597s
 3747936  9132 infeasible   81         1.00000    0.00000   100%  78.7 1600s
 3758988  9501    0.00000   88    8    1.00000    0.00000   100%  78.8 1605s
 3769244  9646 infeasible   97         1.00000    0.00000   100%  78.8 1610s
 3781457  9860    0.00000   86   43    1.00000    0.00000   100%  78.8 1615s
 3793050  9913 infeasible   88         1.00000    0.00000   100%  78.8 1620s
 3804013  9754    0.00000   85   20    1.00000    0.00000   100%  78.9 1625s
 3814657  9752    0.00000   87   26    1.00000    0.00000   100%  78.9 1630s
 3826235  9596    0.00000  100   24    1.00000    0.00000   100%  78.9 1635s
 3838087  9495    0.00000   88   11    1.00000    0.00000   100%  78.9 1640s
 3851212  9432 infeasible   94         1.00000    0.00000   100%  78.9 1645s
 3864683  9416    0.00000   87    4    1.00000    0.00000   100%  78.9 1650s
 3874904  9369 infeasible   93         1.00000    0.00000   100%  78.9 1655s
 3887973  9313    0.00000   90   35    1.00000    0.00000   100%  78.9 1660s
 3900284  9253    0.00000   88   19    1.00000    0.00000   100%  78.9 1665s
 3910797  9132    0.00000   90   19    1.00000    0.00000   100%  78.9 1670s
 3923344  9133    0.00000   86   38    1.00000    0.00000   100%  78.9 1675s
 3935260  8953    0.00000   98   17    1.00000    0.00000   100%  79.0 1680s
 3946963  8982    0.00000   88   34    1.00000    0.00000   100%  79.0 1685s
 3958198  8982    0.00000   84   40    1.00000    0.00000   100%  79.0 1690s
 3968245  8876    0.00000   87    2    1.00000    0.00000   100%  79.0 1695s
 3980285  8801    0.00000   89   15    1.00000    0.00000   100%  79.0 1700s
 3991884  8803 infeasible   84         1.00000    0.00000   100%  79.1 1705s
 4003796  8922 infeasible   94         1.00000    0.00000   100%  79.1 1710s
 4016828  9672 infeasible   88         1.00000    0.00000   100%  79.1 1715s
 4026561 10074 infeasible   97         1.00000    0.00000   100%  79.1 1720s
 4037582 10369 infeasible   99         1.00000    0.00000   100%  79.1 1725s
 4048456 10593    0.00000   97   23    1.00000    0.00000   100%  79.1 1730s
 4061087 10485    0.00000  108    7    1.00000    0.00000   100%  79.1 1735s
 4072211 10624    0.00000   86   25    1.00000    0.00000   100%  79.1 1740s
 4082937 10874 infeasible   89         1.00000    0.00000   100%  79.1 1745s
H4090678 10957                       0.9999990    0.00000   100%  79.1 1747s
 4094317 11101    0.00000   96   32    1.00000    0.00000   100%  79.1 1750s
 4104987 11315    0.00000  105   23    1.00000    0.00000   100%  79.1 1755s
 4116662 11462 infeasible   97         1.00000    0.00000   100%  79.1 1760s
 4125610 11477 infeasible   98         1.00000    0.00000   100%  79.2 1765s
 4135737 11353    0.00000   96   25    1.00000    0.00000   100%  79.2 1770s
 4144786 11309    0.00000   96   34    1.00000    0.00000   100%  79.3 1775s
 4156534 11147    0.00000   98    4    1.00000    0.00000   100%  79.3 1780s
 4168060 11154    0.00000   98   18    1.00000    0.00000   100%  79.3 1785s
 4178702 11215 infeasible  101         1.00000    0.00000   100%  79.3 1790s
 4190795 11329    0.00000   89   26    1.00000    0.00000   100%  79.3 1795s
 4201937 11427    0.00000  105   25    1.00000    0.00000   100%  79.3 1800s
 4212572 11261    0.00000   88   22    1.00000    0.00000   100%  79.3 1805s
 4224575 11146 infeasible   95         1.00000    0.00000   100%  79.3 1810s
 4235854 11084 infeasible  107         1.00000    0.00000   100%  79.3 1815s
 4248363 11524 infeasible   95         1.00000    0.00000   100%  79.3 1820s
 4261547 11814    0.00000  102   33    1.00000    0.00000   100%  79.3 1825s
 4272124 12020    0.00000   96   24    1.00000    0.00000   100%  79.3 1830s
 4287455 12042 infeasible   92         1.00000    0.00000   100%  79.3 1835s
 4300961 12052 infeasible  103         1.00000    0.00000   100%  79.2 1840s
 4313341 11979    0.00000   84   48    1.00000    0.00000   100%  79.2 1845s
 4327962 11878    0.00000   89   15    1.00000    0.00000   100%  79.2 1850s
 4340142 11988 infeasible   96         1.00000    0.00000   100%  79.1 1855s
 4350455 12107    0.00000   80   22    1.00000    0.00000   100%  79.2 1860s
 4362376 12089    0.00000   91   37    1.00000    0.00000   100%  79.2 1865s
 4373359 12075    0.00000   78   12    1.00000    0.00000   100%  79.2 1870s
 4385762 12018 infeasible   97         1.00000    0.00000   100%  79.2 1875s
 4396620 11985 infeasible   95         1.00000    0.00000   100%  79.2 1880s
 4408493 11738    0.00000   95   13    1.00000    0.00000   100%  79.2 1885s
 4421900 11828 infeasible   96         1.00000    0.00000   100%  79.2 1890s
 4433828 11746 infeasible   91         1.00000    0.00000   100%  79.1 1895s
 4444445 11693    0.00000   95   33    1.00000    0.00000   100%  79.2 1900s
 4458735 11735    0.00000   85   32    1.00000    0.00000   100%  79.1 1905s
 4472534 11842    0.00000   90   30    1.00000    0.00000   100%  79.1 1910s
 4484547 11735    0.00000   92   24    1.00000    0.00000   100%  79.1 1915s
 4496174 11625 infeasible   97         1.00000    0.00000   100%  79.1 1920s
 4508202 11670 infeasible   89         1.00000    0.00000   100%  79.1 1925s
 4522373 11561 infeasible   94         1.00000    0.00000   100%  79.0 1930s
 4535737 11705 infeasible  106         1.00000    0.00000   100%  79.0 1935s
 4548465 11476    0.00000   98   10    1.00000    0.00000   100%  79.0 1940s
 4560850 11484 infeasible   95         1.00000    0.00000   100%  79.0 1945s
 4573273 11409    0.00000   98    9    1.00000    0.00000   100%  78.9 1950s
 4590877 11384 infeasible  102         1.00000    0.00000   100%  78.9 1955s
 4603563 11431    0.00000   97    7    1.00000    0.00000   100%  78.8 1960s
 4619775 11431    0.00000   90   20    1.00000    0.00000   100%  78.7 1965s
 4632264 11365    0.00000   92   18    1.00000    0.00000   100%  78.7 1970s
 4645248 11487    0.00000   95   39    1.00000    0.00000   100%  78.7 1975s
 4658112 11607 infeasible  102         1.00000    0.00000   100%  78.7 1980s
 4671989 11711 infeasible   96         1.00000    0.00000   100%  78.6 1985s
 4685513 11589 infeasible  106         1.00000    0.00000   100%  78.6 1990s
 4698303 11414    0.00000   91   16    1.00000    0.00000   100%  78.6 1995s
 4708417 11362    0.00000   95   27    1.00000    0.00000   100%  78.6 2000s
 4719919 11331    0.00000   98   14    1.00000    0.00000   100%  78.6 2005s
 4732515 11176    0.00000   95   35    1.00000    0.00000   100%  78.6 2010s
 4744386 11354    0.00000   88   18    1.00000    0.00000   100%  78.6 2015s
 4755999 11477    0.00000  110    7    1.00000    0.00000   100%  78.6 2020s
 4770866 11406    0.00000   92   28    1.00000    0.00000   100%  78.6 2025s
 4782679 11597 infeasible   97         1.00000    0.00000   100%  78.6 2030s
 4794737 12424    0.00000   92   12    1.00000    0.00000   100%  78.6 2035s
 4806152 12765 infeasible   89         1.00000    0.00000   100%  78.6 2040s
 4817510 13165 infeasible   98         1.00000    0.00000   100%  78.6 2045s
 4830313 13122 infeasible   97         1.00000    0.00000   100%  78.6 2050s
 4840233 12975 infeasible   87         1.00000    0.00000   100%  78.6 2055s
 4853706 12854 infeasible   97         1.00000    0.00000   100%  78.6 2060s
 4864211 12846    0.00000   80   27    1.00000    0.00000   100%  78.6 2065s
 4876736 13335 infeasible   97         1.00000    0.00000   100%  78.6 2070s
 4887712 13827 infeasible   96         1.00000    0.00000   100%  78.6 2075s
 4901324 14242    0.00000   88   35    1.00000    0.00000   100%  78.6 2080s
 4913888 14358 infeasible   92         1.00000    0.00000   100%  78.5 2085s
 4927916 14642    0.00000   86   41    1.00000    0.00000   100%  78.5 2090s
 4940679 14806    0.00000   91   19    1.00000    0.00000   100%  78.5 2095s
 4956256 14679    0.00000   92   42    1.00000    0.00000   100%  78.4 2100s
 4968623 14578 infeasible   91         1.00000    0.00000   100%  78.4 2105s
 4983604 14524 infeasible  100         1.00000    0.00000   100%  78.4 2110s
 4995385 14506 infeasible   98         1.00000    0.00000   100%  78.4 2115s
 5007643 14481    0.00000   91   32    1.00000    0.00000   100%  78.4 2120s
 5020046 14451    0.00000  101   31    1.00000    0.00000   100%  78.4 2125s
 5033842 14351 infeasible  104         1.00000    0.00000   100%  78.3 2130s
 5046142 14275 infeasible   97         1.00000    0.00000   100%  78.3 2135s
 5058728 14221 infeasible   96         1.00000    0.00000   100%  78.3 2140s
 5072199 14227    0.00000   98    7    1.00000    0.00000   100%  78.3 2145s
 5084856 14104 infeasible  102         1.00000    0.00000   100%  78.3 2150s
 5097627 14069 infeasible   92         1.00000    0.00000   100%  78.3 2155s
 5109717 13944    0.00000   98   12    1.00000    0.00000   100%  78.3 2160s
 5121236 14024    0.00000   96   30    1.00000    0.00000   100%  78.2 2165s
 5133875 13964 infeasible  108         1.00000    0.00000   100%  78.2 2170s
 5146715 14008    0.00000   97    5    1.00000    0.00000   100%  78.2 2175s
 5158723 13880 infeasible   96         1.00000    0.00000   100%  78.2 2180s
 5172030 13834    0.00000  100   21    1.00000    0.00000   100%  78.2 2185s
 5184038 13989 infeasible   96         1.00000    0.00000   100%  78.2 2190s
 5195041 14193    0.00000   93   26    1.00000    0.00000   100%  78.2 2195s
 5207080 14820 infeasible  103         1.00000    0.00000   100%  78.2 2200s
 5220824 15237    0.00000   97    6    1.00000    0.00000   100%  78.2 2205s
 5235926 15700 infeasible   93         1.00000    0.00000   100%  78.2 2210s
 5250097 15955 infeasible   99         1.00000    0.00000   100%  78.1 2215s
 5262802 16090 infeasible   92         1.00000    0.00000   100%  78.1 2220s
 5276291 16086    0.00000   86   33    1.00000    0.00000   100%  78.1 2225s
 5285657 15916 infeasible   98         1.00000    0.00000   100%  78.1 2231s
 5301781 16127 infeasible   95         1.00000    0.00000   100%  78.1 2235s
 5314154 16273 infeasible   97         1.00000    0.00000   100%  78.1 2240s
 5327102 16311    0.00000   87    5    1.00000    0.00000   100%  78.1 2245s
 5338232 16203    0.00000  105   30    1.00000    0.00000   100%  78.1 2250s
 5351961 16136 infeasible   94         1.00000    0.00000   100%  78.1 2255s
 5364333 15998 infeasible   89         1.00000    0.00000   100%  78.1 2260s
 5375332 15985    0.00000   91   29    1.00000    0.00000   100%  78.1 2265s
 5386870 15965    0.00000   85   38    1.00000    0.00000   100%  78.1 2270s
 5398666 16128 infeasible   88         1.00000    0.00000   100%  78.1 2275s
 5410375 16592    0.00000   91   10    1.00000    0.00000   100%  78.1 2280s
 5421742 16942 infeasible   84         1.00000    0.00000   100%  78.2 2285s
 5433983 17053    0.00000   91   33    1.00000    0.00000   100%  78.2 2290s
 5445259 17248    0.00000   92   27    1.00000    0.00000   100%  78.2 2295s
 5459203 17231 infeasible   95         1.00000    0.00000   100%  78.2 2300s
 5470609 17188    0.00000   88    5    1.00000    0.00000   100%  78.2 2305s
 5483406 16952    0.00000   93   18    1.00000    0.00000   100%  78.2 2310s
 5494424 16845    0.00000   93   30    1.00000    0.00000   100%  78.2 2315s
 5506766 16729    0.00000   95   36    1.00000    0.00000   100%  78.2 2320s
 5517388 16651    0.00000   96   41    1.00000    0.00000   100%  78.2 2325s
 5529298 16581 infeasible   96         1.00000    0.00000   100%  78.2 2330s
 5539040 16531 infeasible   76         1.00000    0.00000   100%  78.2 2335s
 5549329 16487    0.00000  102   27    1.00000    0.00000   100%  78.3 2340s
 5562519 16657 infeasible   86         1.00000    0.00000   100%  78.3 2345s
 5573207 16955    0.00000   92   29    1.00000    0.00000   100%  78.3 2350s
 5583427 16943    0.00000   99   30    1.00000    0.00000   100%  78.3 2355s
 5594925 16826    0.00000   90   24    1.00000    0.00000   100%  78.3 2360s
 5607066 16843    0.00000   90   23    1.00000    0.00000   100%  78.3 2365s
 5618660 16809 infeasible   98         1.00000    0.00000   100%  78.3 2370s
 5629662 16661    0.00000   93   31    1.00000    0.00000   100%  78.3 2375s
 5641245 16583    0.00000   98   37    1.00000    0.00000   100%  78.3 2380s
 5653331 16568 infeasible   98         1.00000    0.00000   100%  78.3 2385s
 5664428 16534    0.00000   98   26    1.00000    0.00000   100%  78.4 2390s
 5675901 16580 infeasible   97         1.00000    0.00000   100%  78.4 2395s
 5687746 16651 infeasible   90         1.00000    0.00000   100%  78.4 2400s
 5701476 16936    0.00000   88   13    1.00000    0.00000   100%  78.4 2405s
 5713618 16949     cutoff   98         1.00000    0.00000   100%  78.3 2410s
 5727029 17105 infeasible   97         1.00000    0.00000   100%  78.3 2415s
 5739517 17029    0.00000  102   35    1.00000    0.00000   100%  78.3 2420s
 5751936 16789    0.00000   88   15    1.00000    0.00000   100%  78.3 2425s
 5763819 16588    0.00000   98   16    1.00000    0.00000   100%  78.3 2430s
 5775401 16511    0.00000  104   33    1.00000    0.00000   100%  78.3 2435s
 5788214 16443 infeasible  112         1.00000    0.00000   100%  78.3 2440s
 5799749 16343 infeasible   98         1.00000    0.00000   100%  78.3 2445s
 5811133 16323    0.00000   98    4    1.00000    0.00000   100%  78.3 2450s
 5823065 16184 infeasible   87         1.00000    0.00000   100%  78.3 2455s
 5834250 16347    0.00000   98   17    1.00000    0.00000   100%  78.4 2460s
 5844723 16571    0.00000  100   16    1.00000    0.00000   100%  78.4 2465s
 5858925 16925    0.00000   94   33    1.00000    0.00000   100%  78.4 2470s
 5870965 17102    0.00000   93   26    1.00000    0.00000   100%  78.3 2475s
 5886132 17141    0.00000   88   19    1.00000    0.00000   100%  78.3 2480s
 5898723 17024 infeasible   88         1.00000    0.00000   100%  78.3 2485s
 5910242 16979     cutoff   94         1.00000    0.00000   100%  78.3 2490s
 5924624 17248 infeasible   97         1.00000    0.00000   100%  78.3 2495s
 5936450 17245    0.00000   87    1    1.00000    0.00000   100%  78.3 2500s
 5947991 17229    0.00000   91   36    1.00000    0.00000   100%  78.3 2505s
 5959186 17426    0.00000  100   34    1.00000    0.00000   100%  78.3 2510s
 5971748 17425 infeasible   88         1.00000    0.00000   100%  78.3 2515s
 5982262 17433    0.00000   96   23    1.00000    0.00000   100%  78.4 2520s
 5995541 17278    0.00000   91   52    1.00000    0.00000   100%  78.4 2525s
 6007439 17288 infeasible   97         1.00000    0.00000   100%  78.4 2530s
 6019580 17183    0.00000   97    7    1.00000    0.00000   100%  78.4 2535s
 6032079 17129 infeasible  101         1.00000    0.00000   100%  78.3 2540s
 6045227 17134    0.00000   97   25    1.00000    0.00000   100%  78.3 2545s
 6057816 17042 infeasible   98         1.00000    0.00000   100%  78.3 2550s
 6069177 16937 infeasible  101         1.00000    0.00000   100%  78.3 2555s
 6081771 16981    0.00000   88   17    1.00000    0.00000   100%  78.3 2560s
 6095417 16917 infeasible  101         1.00000    0.00000   100%  78.3 2565s
 6109077 16848 infeasible   90         1.00000    0.00000   100%  78.3 2570s
 6121334 16998    0.00000  101   17    1.00000    0.00000   100%  78.3 2575s
 6135065 17007 infeasible   98         1.00000    0.00000   100%  78.3 2580s
 6147100 16951 infeasible   87         1.00000    0.00000   100%  78.3 2585s
 6159671 16802 infeasible   97         1.00000    0.00000   100%  78.3 2590s
 6172758 16735 infeasible   97         1.00000    0.00000   100%  78.3 2595s
 6184519 16820 infeasible   97         1.00000    0.00000   100%  78.3 2600s
 6196472 16986 infeasible   97         1.00000    0.00000   100%  78.3 2605s
 6209370 16938 infeasible  102         1.00000    0.00000   100%  78.3 2610s
 6221674 16788 infeasible   92         1.00000    0.00000   100%  78.3 2615s
 6233684 16721    0.00000   88    8    1.00000    0.00000   100%  78.3 2620s
 6245711 16740    0.00000   85   35    1.00000    0.00000   100%  78.3 2625s
 6260544 16668 infeasible   95         1.00000    0.00000   100%  78.3 2630s
 6273303 16526    0.00000   90   26    1.00000    0.00000   100%  78.3 2635s
 6286475 16549 infeasible   98         1.00000    0.00000   100%  78.3 2640s
 6298120 16674    0.00000   98   13    1.00000    0.00000   100%  78.3 2645s
 6310184 16803    0.00000   87    4    1.00000    0.00000   100%  78.3 2650s
 6323784 16748 infeasible   91         1.00000    0.00000   100%  78.3 2655s
 6336481 16755 infeasible  101         1.00000    0.00000   100%  78.3 2660s
 6349154 16618    0.00000   95   33    1.00000    0.00000   100%  78.3 2665s
 6359676 16447    0.00000   97   23    1.00000    0.00000   100%  78.3 2670s
 6372922 16720 infeasible   96         1.00000    0.00000   100%  78.3 2675s
 6383968 16962    0.00000   93   21    1.00000    0.00000   100%  78.3 2680s
 6395977 16968 infeasible   98         1.00000    0.00000   100%  78.3 2685s
 6409360 16893 infeasible  108         1.00000    0.00000   100%  78.3 2690s
 6422877 16939    0.00000   96   23    1.00000    0.00000   100%  78.3 2695s
 6434880 16895    0.00000  104   25    1.00000    0.00000   100%  78.3 2700s
 6446840 16857 infeasible   94         1.00000    0.00000   100%  78.3 2705s
 6457592 16668 infeasible   88         1.00000    0.00000   100%  78.3 2710s
 6471967 16673    0.00000   86   19    1.00000    0.00000   100%  78.3 2715s
 6483010 16774    0.00000   92   19    1.00000    0.00000   100%  78.3 2720s
H6490643   427                       0.0000000    0.00000  0.00%  78.3 2723s

Cutting planes:
  Gomory: 2
  MIR: 1
  Flow cover: 6
  Relax-and-lift: 1

Explored 6491059 nodes (508434193 simplex iterations) in 2723.19 seconds (5361.00 work units)
Thread count was 8 (of 192 available processors)

Solution count 10: 0 0.999999 1 ... 1

Optimal solution found (tolerance 1.00e-04)
Best objective 0.000000000000e+00, best bound 0.000000000000e+00, gap 0.0000%

User-callback calls 14426506, time in user-callback 3.15 sec

AVANT CALCUL DES AUTRES INDICATEURS
Obj_rho = 0
Obj_lambda = 0
Obj_phi = 0
AVANT CALCUL DES AUTRES INDICATEURS
Obj_rho = 0
Obj_lambda = 11
Obj_phi = 0
✅ Solution trouvée (status: OPTIMAL)
🎯 Objective global: 0.0
⏱️ Time used: 2723.2
Nombre de vols satisfaits: 196
Nombre de vols non satisfaits: 0

✈️ Paths for each aircraft:

🛩️ Aircraft N607AS path (31 nodes): s_(u=0, v=0, w=0) ➡️  N607AS_(u=0, v=0, w=1) ➡️  ANC_SEA_137_389_(u=173, v=1, w=1) ➡️  SEA_ANC_479_633_(u=366, v=2, w=1) ➡️  ANC_SEA_715_980_(u=547, v=3, w=1) ➡️  SEA_LAS_1064_1207_(u=657, v=4, w=1) ➡️  LAS_SFO_1317_1401_(u=723, v=5, w=1) ➡️  SFO_ORD_1859_2247_(u=955, v=6, w=2) ➡️  ORD_SFO_2309_2462_(u=1200, v=7, w=2) ➡️  SFO_AUS_2533_2855_(u=1377, v=8, w=2) ➡️  AUS_SFO_3432_3558_(u=1587, v=9, w=3) ➡️  SFO_SEA_3655_3795_(u=1696, v=10, w=3) ➡️  SEA_LAS_3857_4005_(u=1820, v=11, w=3) ➡️  LAS_SEA_4086_4272_(u=1964, v=12, w=3) ➡️  SEA_PHX_4668_4915_(u=2101, v=13, w=4) ➡️  PHX_SEA_4965_5107_(u=2276, v=14, w=4) ➡️  SEA_SAN_5176_5324_(u=2401, v=15, w=4) ➡️  SAN_SEA_5397_5572_(u=2553, v=16, w=4) ➡️  SEA_SMF_5645_5755_(u=2634, v=17, w=4) ➡️  SMF_SEA_6112_6231_(u=2730, v=18, w=5) ➡️  SEA_LIH_6321_6593_(u=3091, v=19, w=5) ➡️  LIH_SEA_6647_7117_(u=3407, v=20, w=5) ➡️  SEA_DFW_7182_7527_(u=3604, v=21, w=5) ➡️  DFW_SEA_7641_7776_(u=3830, v=22, w=6) ➡️  SEA_DFW_7967_8313_(u=4028, v=23, w=6) ➡️  DFW_SEA_8423_8562_(u=4260, v=24, w=6) ➡️  SEA_ORD_8600_8957_(u=4468, v=25, w=6) ➡️  ORD_PDX_9026_9156_(u=4700, v=26, w=7) ➡️  PDX_SEA_9262_9310_(u=4732, v=27, w=7) ➡️  SEA_BOI_9372_9523_(u=4794, v=28, w=7) ➡️  BOI_SEA_9582_9616_(u=4868, v=29, w=7) ➡️  SEA_LIH_9718_9994_(u=5213, v=30, w=7) ➡️  LIH_SAN_10060_10521_(u=5532, v=31, w=7) ➡️  t_(u=0, v=0, w=0)

🛩️ Aircraft N585AS path (26 nodes): s_(u=0, v=0, w=0) ➡️  N585AS_(u=3072, v=26, w=6) ➡️  ANC_SEA_162_428_(u=3246, v=27, w=6) ➡️  SEA_PHX_570_794_(u=3387, v=28, w=6) ➡️  PHX_SEA_857_991_(u=3552, v=29, w=6) ➡️  SEA_BUR_1045_1181_(u=3670, v=30, w=6) ➡️  BUR_SEA_1268_1435_(u=3808, v=31, w=6) ➡️  SEA_SLC_1846_2021_(u=3904, v=32, w=7) ➡️  SLC_SEA_2122_2206_(u=4005, v=33, w=7) ➡️  SEA_SJC_2247_2382_(u=4122, v=34, w=7) ➡️  SJC_SEA_2432_2554_(u=4217, v=35, w=7) ➡️  SEA_ANC_3375_3530_(u=4408, v=36, w=8) ➡️  ANC_SEA_3593_3853_(u=4591, v=37, w=8) ➡️  SEA_ONT_3941_4070_(u=4701, v=38, w=8) ➡️  ONT_SEA_4675_4856_(u=4857, v=39, w=9) ➡️  SEA_DCA_4891_5368_(u=5128, v=40, w=9) ➡️  DCA_SEA_5437_5593_(u=5443, v=41, w=9) ➡️  SEA_ATL_6289_6758_(u=5709, v=42, w=10) ➡️  ATL_SEA_6839_6970_(u=6000, v=43, w=10) ➡️  SEA_SNA_7578_7729_(u=125, v=1, w=1) ➡️  SNA_SEA_7783_7960_(u=285, v=2, w=1) ➡️  SEA_OAK_8006_8114_(u=377, v=3, w=1) ➡️  OAK_SEA_8157_8285_(u=476, v=4, w=1) ➡️  SEA_SMF_8335_8455_(u=551, v=5, w=1) ➡️  SMF_SEA_8490_8613_(u=654, v=6, w=1) ➡️  SEA_SAN_9117_9279_(u=768, v=7, w=2) ➡️  SAN_MCO_9359_9801_(u=1004, v=8, w=2) ➡️  MCO_SEA_9867_10065_(u=1350, v=9, w=2) ➡️  t_(u=0, v=0, w=0)

🛩️ Aircraft N317AS path (29 nodes): s_(u=0, v=0, w=0) ➡️  N317AS_(u=0, v=0, w=1) ➡️  FAI_SEA_201_455_(u=177, v=1, w=1) ➡️  SEA_LAX_528_675_(u=298, v=2, w=1) ➡️  LAX_SEA_743_917_(u=446, v=3, w=1) ➡️  SEA_SFO_990_1113_(u=549, v=4, w=1) ➡️  SFO_SEA_1177_1307_(u=648, v=5, w=1) ➡️  SEA_ORD_1401_1741_(u=851, v=6, w=1) ➡️  ORD_SEA_1807_1944_(u=1079, v=7, w=2) ➡️  SEA_IAD_2038_2527_(u=1351, v=8, w=2) ➡️  IAD_SEA_2584_2741_(u=1660, v=9, w=2) ➡️  SEA_IAH_2838_3229_(u=1892, v=10, w=2) ➡️  IAH_SEA_3299_3463_(u=2136, v=11, w=3) ➡️  SEA_IAD_3504_3971_(u=2401, v=12, w=3) ➡️  IAD_SEA_4030_4189_(u=2710, v=13, w=3) ➡️  SEA_SMF_4248_4369_(u=2791, v=14, w=3) ➡️  SMF_SEA_4703_4832_(u=2890, v=15, w=4) ➡️  SEA_CLE_4925_5380_(u=3125, v=16, w=4) ➡️  CLE_SEA_5435_5585_(u=3401, v=17, w=4) ➡️  SEA_LAS_6225_6362_(u=3512, v=18, w=5) ➡️  LAS_SEA_6427_6598_(u=3658, v=19, w=5) ➡️  SEA_PHX_6669_6910_(u=3791, v=20, w=5) ➡️  PHX_SEA_6965_7117_(u=3970, v=21, w=5) ➡️  SEA_PDX_7152_7210_(u=3999, v=22, w=5) ➡️  PDX_SEA_7495_7564_(u=4031, v=23, w=6) ➡️  SEA_FLL_7746_8300_(u=4351, v=24, w=6) ➡️  FLL_SEA_8359_8570_(u=4710, v=25, w=6) ➡️  SEA_SNA_9008_9175_(u=4821, v=26, w=7) ➡️  SNA_SEA_9239_9448_(u=5006, v=27, w=7) ➡️  SEA_DEN_9579_9790_(u=5136, v=28, w=7) ➡️  DEN_SEA_9846_9966_(u=5291, v=29, w=7) ➡️  t_(u=0, v=0, w=0)

🛩️ Aircraft N587AS path (28 nodes): s_(u=0, v=0, w=0) ➡️  N587AS_(u=0, v=0, w=1) ➡️  JNU_SEA_310_514_(u=116, v=1, w=1) ➡️  SEA_PIT_580_1048_(u=374, v=2, w=1) ➡️  PIT_SEA_1104_1236_(u=648, v=3, w=1) ➡️  SEA_ORD_1795_2159_(u=858, v=4, w=2) ➡️  ORD_PDX_2215_2349_(u=1093, v=5, w=2) ➡️  PDX_ONT_2434_2569_(u=1215, v=6, w=2) ➡️  ONT_PDX_2628_2754_(u=1326, v=7, w=2) ➡️  PDX_SEA_3178_3252_(u=1362, v=8, w=3) ➡️  SEA_LAS_3342_3511_(u=1490, v=9, w=3) ➡️  LAS_SEA_3563_3728_(u=1625, v=10, w=3) ➡️  SEA_ATL_3841_4313_(u=1889, v=11, w=3) ➡️  ATL_SEA_4752_4910_(u=2176, v=12, w=4) ➡️  SEA_RDM_4991_5054_(u=2214, v=13, w=4) ➡️  RDM_SEA_5133_5199_(u=2262, v=14, w=4) ➡️  SEA_ANC_5295_5444_(u=2451, v=15, w=4) ➡️  ANC_SEA_5503_5765_(u=2632, v=16, w=4) ➡️  SEA_DAL_6207_6549_(u=2831, v=17, w=5) ➡️  DAL_SEA_6619_6766_(u=3081, v=18, w=5) ➡️  SEA_SNA_6813_6972_(u=3208, v=19, w=5) ➡️  SNA_SEA_7009_7192_(u=3362, v=20, w=5) ➡️  SEA_PHX_7626_7841_(u=3497, v=21, w=6) ➡️  PHX_SEA_7908_8038_(u=3658, v=22, w=6) ➡️  SEA_PHX_8109_8330_(u=3794, v=23, w=6) ➡️  PHX_SEA_8407_8537_(u=3958, v=24, w=6) ➡️  SEA_PHX_9068_9279_(u=4091, v=25, w=7) ➡️  PHX_SEA_9344_9480_(u=4260, v=26, w=7) ➡️  SEA_PHX_9550_9765_(u=4396, v=27, w=7) ➡️  PHX_SEA_9831_9982_(u=4579, v=28, w=7) ➡️  t_(u=0, v=0, w=0)

🛩️ Aircraft N284AK path (23 nodes): s_(u=0, v=0, w=0) ➡️  N284AK_(u=0, v=0, w=1) ➡️  PHX_PDX_356_453_(u=138, v=1, w=1) ➡️  PDX_FLL_541_1050_(u=449, v=2, w=1) ➡️  FLL_SFO_1118_1320_(u=802, v=3, w=1) ➡️  SFO_FLL_1383_1870_(u=1079, v=4, w=1) ➡️  FLL_PDX_2018_2231_(u=1440, v=5, w=2) ➡️  PDX_JFK_2322_2828_(u=1728, v=6, w=2) ➡️  JFK_PSP_3414_3583_(u=2053, v=7, w=3) ➡️  PSP_SEA_3697_3873_(u=2207, v=8, w=3) ➡️  SEA_SAN_4005_4151_(u=2328, v=9, w=3) ➡️  SAN_TPA_4795_5235_(u=2561, v=10, w=4) ➡️  TPA_SAN_5307_5449_(u=2849, v=11, w=4) ➡️  SAN_SEA_5512_5695_(u=3003, v=12, w=4) ➡️  SEA_MSP_6233_6559_(u=3174, v=13, w=5) ➡️  MSP_SEA_6615_6760_(u=3372, v=14, w=5) ➡️  SEA_STL_6837_7194_(u=3571, v=15, w=5) ➡️  STL_SEA_7614_7836_(u=3803, v=16, w=6) ➡️  SEA_PHX_8018_8241_(u=3941, v=17, w=6) ➡️  PHX_ANC_8336_8626_(u=4318, v=18, w=6) ➡️  ANC_SEA_8684_8926_(u=4476, v=19, w=7) ➡️  SEA_MSP_9120_9435_(u=4651, v=20, w=7) ➡️  MSP_SEA_9512_9628_(u=4841, v=21, w=7) ➡️  SEA_PHX_9672_9885_(u=4975, v=22, w=7) ➡️  PHX_SEA_9941_10089_(u=5159, v=23, w=7) ➡️  t_(u=0, v=0, w=0)

🛩️ Aircraft N320AS path (27 nodes): s_(u=0, v=0, w=0) ➡️  N320AS_(u=3043, v=26, w=6) ➡️  SJC_SEA_364_507_(u=3149, v=27, w=6) ➡️  SEA_ANC_582_739_(u=3343, v=28, w=6) ➡️  ANC_SEA_1062_1344_(u=3531, v=29, w=6) ➡️  SEA_SJC_1855_1984_(u=3641, v=30, w=7) ➡️  SJC_SEA_2047_2171_(u=3738, v=31, w=7) ➡️  SEA_SBA_2265_2429_(u=3869, v=32, w=7) ➡️  SBA_SEA_2482_2633_(u=3985, v=33, w=7) ➡️  SEA_PDX_2732_2790_(u=4014, v=34, w=7) ➡️  PDX_ANC_2866_3034_(u=4217, v=35, w=7) ➡️  ANC_SEA_3168_3438_(u=4399, v=36, w=8) ➡️  SEA_DEN_3550_3770_(u=4535, v=37, w=8) ➡️  DEN_SEA_3827_3928_(u=4674, v=38, w=8) ➡️  SEA_PHX_4087_4345_(u=4810, v=39, w=8) ➡️  PHX_SEA_4706_4849_(u=4989, v=40, w=9) ➡️  SEA_PIT_4922_5383_(u=5233, v=41, w=9) ➡️  PIT_SEA_5447_5576_(u=5521, v=42, w=9) ➡️  SEA_SLC_6187_6360_(u=5613, v=43, w=10) ➡️  SLC_SEA_6449_6557_(u=5725, v=44, w=10) ➡️  SEA_LAX_6651_6804_(u=5847, v=45, w=10) ➡️  LAX_SEA_6863_7042_(u=6000, v=46, w=10) ➡️  SEA_LIH_7702_8038_(u=332, v=1, w=1) ➡️  LIH_SEA_8108_8604_(u=672, v=2, w=1) ➡️  SEA_SFO_8995_9134_(u=760, v=3, w=2) ➡️  SFO_JAC_9215_9444_(u=909, v=4, w=2) ➡️  JAC_SFO_9493_9582_(u=1021, v=5, w=2) ➡️  SFO_PDX_9628_9744_(u=1117, v=6, w=2) ➡️  PDX_SFO_9826_9943_(u=1192, v=7, w=2) ➡️  t_(u=0, v=0, w=0)

🛩️ Aircraft N277AK path (32 nodes): s_(u=0, v=0, w=0) ➡️  N277AK_(u=0, v=0, w=1) ➡️  SEA_FAT_375_503_(u=113, v=1, w=1) ➡️  FAT_SEA_559_687_(u=221, v=2, w=1) ➡️  SEA_ANC_799_933_(u=399, v=3, w=1) ➡️  ANC_SEA_1660_1931_(u=590, v=4, w=2) ➡️  SEA_ANC_2030_2168_(u=766, v=5, w=2) ➡️  ANC_CDV_2249_2310_(u=803, v=6, w=2) ➡️  CDV_YAK_2357_2404_(u=841, v=7, w=2) ➡️  YAK_JNU_2447_2500_(u=875, v=8, w=2) ➡️  JNU_SEA_2569_2776_(u=992, v=9, w=2) ➡️  SEA_ANC_2874_3028_(u=1185, v=10, w=2) ➡️  ANC_SEA_3102_3363_(u=1359, v=11, w=3) ➡️  SEA_ANC_3462_3616_(u=1547, v=12, w=3) ➡️  ANC_JNU_4064_4188_(u=1640, v=13, w=3) ➡️  JNU_SIT_4227_4276_(u=1663, v=14, w=3) ➡️  SIT_JNU_4672_4708_(u=1686, v=15, w=4) ➡️  JNU_ANC_4773_4879_(u=1774, v=16, w=4) ➡️  ANC_BET_4949_5073_(u=1831, v=17, w=4) ➡️  BET_ANC_5111_5186_(u=1892, v=18, w=4) ➡️  ANC_JNU_6410_6511_(u=1975, v=19, w=5) ➡️  JNU_PSG_6558_6607_(u=2005, v=20, w=5) ➡️  PSG_WRG_6650_6684_(u=2021, v=21, w=5) ➡️  WRG_KTN_6726_6760_(u=2043, v=22, w=5) ➡️  KTN_SEA_6808_6973_(u=2133, v=23, w=5) ➡️  SEA_SMF_7089_7200_(u=2219, v=24, w=5) ➡️  SMF_SEA_7553_7682_(u=2315, v=25, w=6) ➡️  SEA_MCI_7916_8251_(u=2500, v=26, w=6) ➡️  MCI_SEA_8308_8432_(u=2700, v=27, w=6) ➡️  SEA_JNU_8494_8605_(u=2846, v=28, w=6) ➡️  JNU_SEA_9259_9463_(u=2945, v=29, w=7) ➡️  SEA_BUR_9508_9638_(u=3052, v=30, w=7) ➡️  BUR_SEA_9709_9913_(u=3214, v=31, w=7) ➡️  SEA_FAI_10053_10220_(u=3418, v=32, w=7) ➡️  t_(u=0, v=0, w=0)

🛠️ Maintenance at node SEA_LIH_7702_8038 by aircraft N320AS | ρ=0; λ=4; φ=0
🛠️ Maintenance at node SEA_SNA_7578_7729 by aircraft N585AS | ρ=0; λ=7; φ=0

Nombre de maintenances au total: 2.0
Stations de maintenance utilisées: Any["SEA"]
Nombre de stations de maintenance utilisées: 1
